Input/Ta and c maps/Net_Snowfall_avg_1979-2014_MAR.asc
ncols 301
nrows 561
xllcorner -802.5
yllcorner -3402.5
cellsize 5
nodata_value -999
[rows 264 to 296 of 561, columns 150 to 224 of 301]
234.87 232.09 230.64 227.43 225.96 221.9 221.46 218.5 218.19 215.45 215.11 212.41 212.17 209.5 209.84 208.75 209.24 208.62 208.82 207.29 206.68 203.05 201.92 197.73 196.92 194.14 193.84 192.71 192.77 192.61 192.65 192.13 192.17 192.01 193.19 196.89 197.65 199.9 200.47 202.24 202.43 202.96 204.36 209.1 211.17 217.09 216.79 216.42 216.72 218.35 220.35 226.63 228.52 234.92 238.31 248 252.22 265 269.27 281.49 287.14 300.5 308.11 325.8 334.06 353.89 363.96 387.36 392.53 398.73 398.66 391 366.8 321.27 276.49
237.57 235.37 232.93 231.25 228.48 226.37 223.98 222.66 220.5 219.07 217.06 215.81 214.05 213.11 211.85 211.36 210.77 210.68 210.19 210.06 208.05 206.1 203.04 200.78 198.3 196.9 195.69 195.26 194.82 194.66 194.18 193.74 193.54 193.51 195.25 197.21 199.21 200.3 201.79 202.76 203.44 203.54 206.17 209.03 212.96 216.04 217.56 217.48 218.64 219.43 223.34 227.11 231.75 235.09 241.58 247.58 257.01 265.09 273.49 280.17 288.19 297 308.47 321.8 335.18 349.56 365.2 383.58 391.48 396.7 388.79 382.57 355.74 320.47 270.99
240.01 236.1 235.18 232.05 231 227.25 226.55 223.65 222.9 219.9 219.29 216.68 216.34 214.25 214.16 212.4 212.69 211.69 212.06 211.49 210.53 206.75 205.42 201.29 200.47 197.97 197.75 197.1 196.93 196.48 196.12 195.04 195.04 195.24 196.1 199.51 200.02 201.96 202.51 204.52 204.44 204.57 206.42 212.06 213.47 217.13 217.78 219.83 220.2 223.14 225.09 232 233.6 239.09 242.84 254.01 259.3 274.05 276.53 283.05 287.57 297.3 305.89 322.9 332.63 350.46 362.15 382.36 388.39 392.46 382.21 345.8 339.17 316.81 271.36
242.18 239.37 236.88 235.24 232.7 230.77 228.34 226.78 224.37 222.56 220.55 219.39 217.71 216.76 215.58 215.17 214.24 213.82 213.29 213.19 211.23 209.33 206.31 204.19 201.9 200.72 199.69 199.36 198.75 198.36 197.46 196.71 196.32 196.29 197.74 199.33 201.06 202.05 203.42 204.36 205.35 205.73 208.89 211.96 215.21 217.11 219.53 220.89 223.26 224.53 228.7 232.34 236.59 239.29 246.55 253.4 263.99 273.26 279.75 282.99 288.43 294.47 305.33 318.55 330.71 344.27 358.02 375.88 380.91 387.87 363.68 337.59 323.41 321.38 272.87
244.01 239.79 238.68 235.69 234.52 231.23 230.21 227.26 226.15 222.89 222.2 219.93 219.37 217.4 217.3 216.22 216.12 214.71 214.92 214.08 213.06 209.63 208.4 204.63 203.87 201.86 201.51 200.94 200.43 199.7 198.96 197.72 197.6 197.41 198.21 200.65 201.34 203.2 203.72 205.05 205.94 208.19 209.86 215.07 216.09 219.22 220.49 224.77 225.35 229.08 230.76 236.92 238.38 243.65 248.06 260.35 265.96 279.76 281.88 287.17 289.27 294.3 303.03 320.13 327.71 338.14 350.77 368.47 371.74 360.49 345.59 296.85 302.77 305.08 277.34
245.19 242.36 240.11 238.02 235.71 233.63 231.28 229.7 227.2 225.36 223.19 221.85 220.16 219.14 218.15 217.84 217.08 216.77 216.05 215.76 213.74 211.96 209.03 207 204.76 203.57 202.29 201.62 200.58 199.84 199.26 199.02 198.86 198.8 199.88 201 202.64 203.69 205 205.69 207.54 208.92 212.13 214.72 217.74 219.52 223.01 225.46 228.85 230.56 234.81 237.84 242.27 244.79 253.05 260.3 270.96 279.35 285.53 288.17 292.49 294.86 305.5 317.48 325.34 332.96 342.79 359.89 349.48 347.04 307.17 279.44 266.2 287.46 273.45
246.73 243.01 241.92 238.67 237.42 233.82 232.91 229.97 229 225.61 224.88 222.07 221.64 219.47 219.52 218.43 218.53 217.62 217.71 216.52 215.53 212.2 210.96 207.15 206.35 203.93 203.38 201.62 201.06 199.31 199.68 200.12 200.3 200.32 200.93 202.57 203.39 205.5 206.05 207.43 208.37 211.64 212.98 216.86 218.3 222.22 224.13 229.75 230.95 235.96 237.43 243.49 245.04 251.6 256.04 269.05 274.01 286.71 288.46 294.1 295.9 303.54 308.54 320.54 323.84 326.72 334.49 337.03 327.47 276.11 263.45 202.79 218.22 213.9 243.7
248.13 245.87 243.56 241.77 239.01 236.5 234.32 232.8 230.55 229.11 226.43 224.77 222.94 222.21 220.79 220.08 219.48 219.51 218.86 218.6 216.47 214.77 211.85 209.98 207.53 206.18 204.18 202.94 201.51 200.73 201.08 201.82 202.16 202.1 202.85 203.55 205.16 206.3 207.74 208.43 210.49 212.03 215.26 217.5 221.06 223.14 227.56 230.56 234.88 237.21 241.91 244.83 249.76 252.65 261.7 269.25 279.55 286.77 292.36 294.82 302.21 306.75 317.77 323.81 328.71 328.38 334.62 339.37 316.27 279.48 240.76 200.05 179.31 191.14 195.54
250.29 246.64 245.74 242.56 241.21 237.17 236.49 233.57 232.83 229.73 228.75 225.2 225.05 222.99 222.76 220.58 221.15 220.46 220.68 219.55 218.46 215.17 213.95 210.52 209.56 206.82 205.68 203.05 202.7 201.38 202.34 204.24 204.04 204.02 204.18 205.46 206.23 208.61 208.84 210.7 211.49 214.35 216.21 221.32 222.71 227.4 229.45 235.77 237.23 242.8 244.67 251.53 252.95 259.31 264.65 278.85 283.11 294.13 295.24 299.98 306.32 324.75 327.84 342.02 338.08 338.19 340.72 350.09 324.25 277.49 244.59 189.46 163.64 100.13 129.11
252.53 250.49 247.73 245.89 243.08 241.17 238.54 236.98 234.63 233.21 230.57 228.82 226.86 226.14 224.4 223.67 222.82 222.88 222.02 221.59 219.38 217.78 214.82 212.97 210.24 208.65 206.51 205.34 204.25 203.87 204.3 204.94 204.9 204.55 205.2 205.93 207.81 209.14 210.8 211.58 213.94 215.51 219.37 221.97 225.93 228.17 233.14 236.46 241.12 243.61 248.9 252.38 257.4 260.1 269.83 278.21 289.23 295.82 301.49 302.17 315.41 326.87 341 347.41 353.84 348.3 358.54 354.73 337.94 284.51 255.59 193.75 160.91 97.818 108.91
255.06 251.34 250.03 246.61 245.36 242.07 240.88 237.74 236.81 234.13 232.89 229.68 229.15 227.04 226.62 224.67 224.96 224.1 223.97 222.41 221.29 218.24 216.7 213.25 211.83 208.77 207.99 206.24 206.05 205.81 205.83 206.23 205.73 204.8 205.64 207.25 208.47 211.31 211.77 213.8 215.16 219.31 221.01 226.13 227.61 232.33 234.92 241.9 243.36 248.47 251.1 258.52 260.14 266.15 272.16 286.19 292.83 308.53 307.81 312.49 321.43 345.43 350.91 369.74 369.72 386.04 380.65 388.42 357.9 319.63 276.22 221.63 179.96 138.26 136.79
257.02 254.93 251.8 249.56 246.91 245.14 242.38 240.35 238.09 236.56 234.14 232.38 230.46 229.43 227.84 227.12 226.23 226.16 225.1 224.55 222.2 220.62 217.36 215.29 212.28 210.58 208.76 207.96 207.45 207.4 207.06 206.81 206.43 206.14 207.03 207.87 210.05 211.55 213.72 214.83 218.21 220.41 224.69 227.16 231.24 233.38 238.87 242.5 247.66 250.08 256.12 259.75 265.54 268.12 278.12 285.78 298.72 308.29 315.27 315.94 333.36 347.37 365.85 376 393.36 398.04 413.14 400.81 389.23 332.21 306.49 235.25 217.1 157.86 190.22
259.38 255.72 254.04 250.23 249 245.88 244.34 240.93 239.81 237.18 235.91 233.04 232.4 230.12 229.7 227.81 227.92 227.09 226.74 225.31 223.91 220.93 218.93 215.16 213.64 210.61 210.23 208.72 208.76 208.79 208.21 207.2 207.4 207.42 208.11 209.53 210.71 213.48 214.63 217.71 219.68 224.85 226.66 232 233.38 238.19 240.97 248.15 250.34 257.12 259.49 267.21 269.44 277.68 282.19 294.28 301.56 316.74 320.22 331.95 342.14 369.19 377.33 402.7 412.07 447.63 444.52 465.83 426.2 390.21 342.17 302.1 261.18 249.36 249.8
261.23 259.14 255.84 253.68 250.67 248.71 245.76 243.66 240.99 239.1 236.96 235.63 233.78 232.82 230.97 229.97 228.88 228.54 227.49 226.97 224.58 223 219.46 217.27 214.21 212.65 211.05 210.45 209.98 209.89 209.27 208.79 208.76 208.87 209.91 210.64 212.86 214.29 217.53 219.37 223.44 225.76 229.95 232.33 236.75 239.18 244.9 248.45 254.52 257.92 264.23 267.85 274.79 278.76 288.17 294.39 306.26 317.05 326.15 335.82 351.91 371.36 388.46 407.06 428.98 452.76 473.32 477.79 469.54 410.94 398.08 327.42 323.83 274.19 317.48
263.36 259.85 258 254.44 252.83 249.39 247.82 244.34 242.81 239.52 238.69 236.34 235.72 233.67 232.8 230.54 230.37 229.08 228.83 227.47 226 223.1 220.93 217.07 215.79 212.95 212.72 211.39 211.17 210.82 210.58 210 210.17 210.64 211.31 212.81 213.96 216.98 219.07 224.07 225.51 229.95 231.55 235.78 238.37 244.36 247 253.45 256.65 264.09 266.84 273.96 277.7 286.94 291.7 302.96 308.81 320.52 328.61 344.78 356.45 379.53 392.99 419.08 435.47 468.19 487.44 531.3 507.74 504.03 457.58 442.73 388.27 370.22 372
264.91 262.74 259.57 257.62 254.51 252.64 249.49 247.51 244.33 242.35 240.1 239.01 237.01 235.88 233.91 232.77 231.42 230.91 229.78 229.04 226.76 225.13 221.65 219.71 216.75 215.34 213.67 213 212.38 212.2 211.66 211.3 211.52 211.78 213.12 213.97 216.55 218.08 222.04 224.44 228.35 230.38 234.37 236.51 241.63 244.67 250.08 253.21 259.43 263.47 269.83 275.05 281.41 288.25 295.47 303.54 311.72 321.5 331.49 345.15 358.64 378.81 394.31 418.44 437.75 468.39 492.25 528.5 528.27 516.6 503.52 461.44 446.59 395.08 417.7
266.64 263.32 261.3 258.23 256.4 253.38 251.67 248.31 246.55 242.98 242.13 239.77 238.84 236.55 235.62 233.4 233.06 231.55 231.44 230.01 228.49 225.2 223.44 220 218.72 216.03 215.43 213.8 213.91 213.32 212.91 212.33 212.72 213.35 214.14 216.36 217.86 221.35 223.4 227.68 229.56 233.51 235.8 240.65 243.36 249.08 251.55 256.65 260.44 267.04 270.95 277.91 282.94 291.98 296.86 305.39 312.58 324.22 331.91 343.58 356.58 373.97 390.46 411.25 433.38 461.87 484.45 507.77 524 544.16 524.66 513.11 484.29 480.13 449.59
267.81 265.62 262.38 260.2 257.58 256.04 253.27 251.71 248.33 246.36 243.67 242.33 240.1 238.87 236.79 235.66 234.17 233.69 232.68 232.32 229.82 227.74 224.65 222.31 219.77 218.37 216.28 215.34 214.58 214.4 214.04 213.83 214.42 214.88 216.65 217.68 220.37 221.88 225.58 227.73 231.82 233.97 238.81 241.4 246.67 250.24 254.55 258.14 263.43 268.24 274.14 279.48 286.79 293.43 300.32 306.67 315.59 325.11 334.02 344.24 357.23 373.99 388.14 409.17 429.96 460.42 475.89 501.51 521.96 547.37 543.3 521.76 526.96 502.53 496.89
269.49 266.21 264.1 260.7 259.33 256.68 255.27 252.59 250.57 247.19 245.89 243.03 242.09 239.6 238.66 236.32 236 234.37 234.75 233.7 232.23 229.02 227.03 223.31 221.9 219.03 218.03 215.86 215.98 215.25 215.26 215.22 215.54 217.12 218.01 220.48 221.63 224.32 226.53 230.31 232.92 237.44 240.48 246.16 248.59 253.73 256.4 261.9 265.4 272.17 276.3 284.17 289.38 299.07 302.91 310.71 317.59 329.13 335.56 346.05 357.91 375.2 386.4 400.31 425.47 456.52 469.63 480.76 515.89 560.83 553.42 549.64 555.31 594.27 552.37
271.01 269.26 265.77 263.94 260.93 259.47 256.7 255.2 252.12 250.42 247.65 246.37 243.76 242.52 240.12 239.03 237.41 237.1 236.26 236.28 233.83 231.98 228.59 226.14 223.22 221.3 219.08 217.91 216.86 216.58 216.67 216.81 217.83 218.43 220.16 221.09 223.36 225.18 228.13 231.08 234.74 238.33 242.29 246.24 249.94 253.83 257.74 262.18 267.07 272.59 278.19 284.56 291.13 298.73 304.24 311.04 318.34 328.27 335.32 345.86 356.07 372.53 381.1 398.51 417.37 450.36 456.63 476.68 505.42 555.13 555.99 555.61 577.83 602.69 575.34
272.85 269.9 267.63 264.61 262.73 260.1 258.39 255.86 254.02 251.24 249.87 247.35 246.03 243.43 242.24 239.82 239.49 237.97 238.48 237.79 236.36 233.58 231.31 227.5 225.7 222.46 221.28 218.7 218.85 217.66 218.17 218.65 219.01 220.57 221.19 222.87 224.15 226.36 228.87 232.48 235.59 240.01 242.88 246.81 250.03 253.99 257.79 262.5 267.32 273.53 278.52 285.05 290.97 298.2 303.74 310.28 317.24 325.06 333.27 341.94 352.19 361.53 374.46 385.53 407.44 426.06 442.66 452.29 490.77 528.68 548.82 568.72 584.12 602.31 564.18
274.27 272.39 268.92 266.98 263.95 262.31 259.6 258.12 255.36 253.91 251.4 250.24 247.66 246.39 243.77 242.55 240.87 240.53 239.75 239.8 237.83 236.42 232.98 230.51 227.24 225.23 222.78 221.57 220.33 220.24 220.12 220.27 221.4 221.95 223.21 223.98 225.78 227.37 230.41 233.33 236.99 240.39 243.67 246.87 250.05 253.72 257.64 262.44 267.35 273.22 278.36 284.66 289.83 296.88 301.77 309.24 314.51 323.35 329.79 340.45 346.83 358.69 367.32 383.56 397.66 420.79 431.09 450.62 475.2 519.06 533.03 565.57 571.73 593.39 547.15
276.05 272.99 270.53 267.53 265.52 262.88 261.11 258.71 257.04 254.63 253.42 251.15 249.86 247.41 245.97 243.34 243.05 241.39 241.84 240.9 240.22 238.17 235.81 232.05 230.15 226.63 225.86 223.2 223.39 221.77 222.16 222.45 222.67 224.05 224.34 225.66 226.73 228.73 231.3 234.81 237.73 241.47 244 247 249.85 252.78 257.2 261.73 266.89 272.29 277.65 283.05 288.25 292.71 299.29 304.68 311.43 316.55 326.07 334.03 342.14 347.59 361.52 373.82 390.91 405.73 424.22 441.32 463.91 480.82 511.84 530.71 548.04 542.57 530.99
277.55 275.71 271.93 269.99 266.92 265.43 262.38 260.85 258.44 257.43 255.06 254.1 251.56 250.45 247.74 246.64 244.78 244.48 243.38 243.42 241.87 241.08 237.74 235.57 232.24 229.38 228.11 226.25 225.34 224.25 224.23 224.55 225.21 225.7 227.1 227.61 229.41 230.5 233.66 236.11 239.66 242.3 245.43 247.74 251.04 253.84 258.58 262.79 268.32 273.07 278.4 283.16 287.99 292.84 298.53 304.57 310.28 316.61 324.25 333.08 339.77 347.69 359.42 373.46 387.9 404.72 420.09 439.69 453.21 475.26 492.62 523.08 523.95 533.15 515.08
279.17 276.32 273.49 270.55 268.45 266.08 263.72 261.32 259.97 258.22 256.86 255.01 253.54 251.5 249.99 247.68 247.19 245.6 245.8 244.61 244.62 242.98 240.94 237.41 235.88 232.69 232.09 229.71 227.9 226.66 226.44 226.12 226.62 228.33 228.81 230.71 231.2 233.24 235.3 238.69 241.05 244.53 246.58 249.62 252.25 256.03 260.09 265.66 269.91 275.76 279.43 284.25 288.45 293.45 298.86 305.14 310.57 316.95 323.99 331.8 339.61 348.79 360.11 374.31 388.31 405.15 418.73 433.06 447.55 459.63 481.15 495.65 508.69 507.54 501.57
280.41 278.57 274.82 272.92 269.65 267.95 264.72 263.05 261.1 260.28 258.01 256.9 254.84 253.93 251.6 250.66 248.8 247.93 247.53 247.35 246.66 245.46 243.3 240.28 238.28 235.59 234.25 232.23 231.01 229.39 229.08 229.07 229.94 231.38 232.33 232.86 234.59 235.26 238.19 240.13 243.44 245.6 248.5 250.51 254.5 257.65 262.67 266.66 271.97 276.27 280.59 284.43 289.16 293.9 299.71 305.42 311.36 317.31 323.8 331.32 338.87 348.7 359 373.27 385.68 403.43 412.82 429.61 437.58 455.83 467.23 489.69 492.14 501.96 489.62
281.74 279.09 276.27 273.55 271.13 268.53 266.03 263.46 262.45 260.98 259.34 257.47 256.36 254.81 253.48 251.71 250.96 249.4 249.93 249.36 249.45 248.58 246.68 243.83 242.07 238.99 237.87 235.45 233.55 232.34 231.84 231.48 231.94 234.06 234.47 236.6 236.68 238.49 240.07 243.01 245.07 248.23 249.82 252.41 256.2 261.18 264.56 269.39 273.31 278.22 281.27 284.87 289.65 294.94 300.4 306.61 311.99 318.13 323.56 329.19 337.66 345.96 356.62 366.4 381.23 393.48 405.34 411.55 427.52 437.17 456.33 467.94 480.16 481.92 482.81
282.84 280.98 277.69 276.17 272.68 271.07 267.6 266.08 263.64 262.07 260.55 259.03 257.51 256.01 254.8 253.56 252.48 251.67 251.19 250.98 250.67 249.99 248.6 246.35 244.24 241.32 239.71 237.54 236.68 235.47 235.05 234.8 235.52 236.7 237.65 239.03 239.96 241.6 243.46 244.98 248.02 249.51 252.45 254.23 259.14 262.61 267.29 270.44 275.26 278.78 282.72 285.74 290.71 295.33 301.08 306.69 312.86 318.56 323.72 329.12 336.09 345.11 352.86 364.62 374.74 390.38 397.27 409.16 421.45 436.33 451.48 466.01 473.13 479.3 478.79
283.85 281.42 278.89 276.82 274.05 271.76 269.12 266.8 265.14 263.23 262.17 260.42 259.17 257.26 256.56 255.08 254.5 253.16 253.13 252.16 252.63 251.93 251.45 249.73 247.72 244.49 241.8 240.16 239.29 238.96 238.2 237.82 237.54 239.01 239.45 241.19 241.96 244.09 245.8 248.95 250.11 252.72 254.49 257.63 261.45 266.57 269.27 273.26 276.76 281.12 284.03 287.81 291.7 296.25 301.48 306.93 313.52 320.41 324.05 327.95 334.76 340.69 349.41 355.64 368.93 378.04 391.71 402.13 420.67 440.52 453.73 468.77 473.32 477.1 478.15
284.72 282.98 279.8 277.59 275.16 272.92 270.51 268.47 266.78 265.44 264.03 262.81 261.07 259.6 258.19 257.01 256.02 255.22 254.56 254.2 253.98 253.85 253.34 252.2 250.28 247.55 245.69 243.4 242.61 241.6 241.31 240.99 241.29 241.78 242.52 243.81 245.27 247.5 249.53 252.1 253.79 254.79 257.94 259.61 264.5 267.66 272.26 274.89 279.44 282.11 286.61 289.25 294.35 297.58 303.86 308.25 315.79 321.02 326.61 329.58 337.16 341.88 351.04 356.95 369.27 378.4 392.07 403.24 425.15 442.89 463.27 472.67 486.27 482 491.12
285.66 283.46 280.79 278.7 276.07 274.15 271.63 269.81 268.22 266.88 265.63 264.55 262.85 261.38 260.01 258.57 257.87 256.71 256.53 255.56 256.12 255.49 256.26 255.49 252.81 251.57 248.58 247.07 245.5 244.57 244.36 244.29 244.55 244.55 244.4 245.85 247.52 250.36 252.13 255.29 256.46 259.33 260.53 263.47 266.77 271.14 274.66 279.33 281.74 285.59 288.97 293.76 297.02 302.11 306.64 313.06 318.29 325.21 329.78 336.76 341.37 349.58 355.94 366.62 374.36 386.78 397.02 412.83 432.08 459 475.58 502.96 506.23 524.75 512.47
286.83 284.67 282.02 279.8 276.89 274.51 272.73 271.03 269.16 267.56 266.32 265.04 263.94 262.65 261.28 260 259.1 258.35 257.87 257.65 257.52 257.78 257.97 257.79 256.45 254.46 252.82 250.62 249.46 248.05 247.77 247.44 247.7 248.09 248.93 250.2 252.06 254.35 256.32 258.63 260.5 262.72 264.88 266.14 270.85 273.13 277.95 280.44 284.88 287.24 292.46 295.33 300.98 304.01 311.02 314.98 322.76 326.99 334.97 339 348.53 352.85 365.16 370.39 384.11 390.23 405.29 415.57 438.38 460.4 481.91 504.83 512.53 526.1 516.83
288.06 285.91 283.16 281.09 277.73 275.53 273.84 272.29 270.13 268.47 267.05 265.9 264.96 264.01 262.55 261.23 260.57 259.55 259.72 259 259.79 259.21 260.28 260.59 258.97 258.26 255.91 254.98 252.88 251.96 251.39 250.85 251.66 251.83 252.09 254.53 255.39 258.29 259.31 262.08 263.4 266.38 268.28 272.07 274.29 278.43 280.53 284.09 287.44 291.93 295.43 300.51 304.37 310.22 314.93 322.04 326.98 334.69 339.73 348.28 355.31 367.44 374.31 388.29 393.96 407.5 413.16 425.95 441.58 460.58 480.09 496.64 503.15 499.62 502.8
