Input/Ta and c maps/Net_Snowfall_avg_1979-2014_MAR.asc
ncols 301
nrows 561
xllcorner -802.5
yllcorner -3402.5
cellsize 5
nodata_value -999
[rows 132 to 164 of 561, columns 150 to 224 of 301]
90.142 88.461 86.759 85.946 85.104 84.792 84.091 83.23 82.558 82.333 82.352 82.617 82.434 81.875 81.653 81.82 82.233 82.708 83.14 83.417 83.894 84.399 85.117 85.789 86.556 87.283 87.614 87.785 88.749 90.049 91.919 93.826 94.743 95.491 95.917 97.214 97.321 98.733 99.191 100.69 101.94 103.08 104.13 105.35 109.05 111.96 110.06 108.05 106 104.36 102.89 101.48 102.16 101.71 101.53 101.56 106.53 108.37 110.13 109.69 101.97 101.26 114.7 121.06 135.77 140.64 147.46 152.02 164.6 169.18 174.45 177.68 184.72 180.99 168.32
90.269 87.431 86.551 85.218 84.926 84.566 84.407 82.77 82.466 81.956 81.928 82.235 82.127 81.032 80.991 81.251 81.432 82.202 82.317 82.789 82.995 83.817 84.191 85.367 85.894 86.224 86.846 87.301 88.045 88.519 90.616 92.846 94.048 95.051 95.227 94.647 95.629 95.279 97.913 99.571 102.16 104.46 104.17 104.21 108.65 111.46 110.41 109.38 106.2 104.69 104.7 105.26 103.27 102.95 104.07 105.98 108.58 110.69 109.81 109.16 109.81 112.91 120.36 128.87 138.14 143.7 144.06 150.37 162.43 170.04 175.35 180.13 184.93 179.01 164.99
88.932 87.222 85.719 85.081 84.486 84.176 83.582 82.87 82.202 81.845 81.655 81.661 81.396 80.965 80.78 80.878 81.041 81.201 81.566 81.944 82.557 83.108 83.904 84.585 85.028 85.323 85.69 86.221 87.06 87.855 89.647 91.355 92.817 94.345 94.594 94.862 95.07 95.388 97.368 99.576 102.61 104.66 104.63 104.5 107.91 110.78 110.32 109.59 106.98 105.06 106.04 105.97 105.37 104.74 107.6 108.32 111.83 111.98 110.94 111.28 115.3 118.27 127.27 131.99 143.01 146.04 145.23 149.11 164.69 170.35 177.73 181.14 186.8 180.61 159.18
89.062 86.539 85.708 84.684 84.374 83.72 83.506 82.406 82.193 81.503 81.395 81.223 81.129 80.594 80.568 80.633 80.583 80.307 80.555 81.329 81.684 82.763 83.158 84.162 84.308 84.154 84.713 84.733 86.153 87.763 88.937 89.886 91.624 92.78 94.263 95.692 95.431 95.509 97.524 99.657 103.22 106.39 105.12 104.61 107.27 108.83 110.17 110.44 107.93 107.01 106.96 107.72 108.52 110.28 112.91 115.75 115.52 115.94 113.36 114.92 123.99 129.93 133.89 139.79 148.18 152.3 153.78 158.05 165.49 173.01 181.56 185.15 185.74 178.57 166.7
88.083 86.833 85.604 84.551 83.8 83.418 82.812 82.087 81.478 81.104 80.854 80.779 80.648 80.519 80.428 80.404 80.283 80.13 80.371 80.769 81.61 82.351 83.396 84.118 84.489 84.461 84.678 84.847 85.935 86.949 88.333 89.745 90.881 92.47 93.844 95.333 95.341 95.644 97.498 99.858 103.25 105.88 105.29 104.92 106.64 108.36 109.4 110.09 109.19 108.25 109.13 109.13 111.19 112.73 117.03 118.84 119.73 118.92 117.3 117.89 128.71 133.46 138.17 143.6 154.05 158.36 160.29 162.7 169.47 173.64 184.29 184.51 184.44 178.13 164.67
88.037 86.523 85.796 84.148 83.693 83.095 82.843 81.462 81.217 80.536 80.447 80.408 80.393 80.343 80.305 80.198 80.134 79.879 80.014 80.575 81.087 82.599 83.151 84.822 84.725 84.934 84.957 85.282 85.848 86.601 87.916 89.354 90.562 91.709 93.468 94.965 95.045 94.904 97.486 99.715 103.16 105.53 105.1 104.67 106.29 107.16 108.61 109.12 110.98 112.41 112.04 113.21 113.77 115.94 120.97 124.26 124.79 125.53 124.66 126.41 128.98 133.16 140.26 148.01 163.97 169.66 170.61 171.98 173.87 176.84 179.25 179.15 173.76 169.4 163.55
87.376 86.343 85.254 84.114 83.416 83.295 82.593 81.393 80.488 79.837 79.688 79.91 80.034 80.063 80.043 79.983 79.89 79.8 80.073 80.444 81.302 82.051 83.107 83.849 84.284 84.408 84.674 84.911 85.684 86.277 87.63 88.992 90.328 91.869 93.447 94.764 94.693 94.938 96.907 99.512 102.73 105.15 104.75 104.58 105.25 106.97 108.26 109.91 111.76 112.85 112.96 113.91 115.58 118.35 124.33 127.28 128.89 128.99 129.39 129.94 132.37 135.89 144.29 151.14 168.16 173.07 174.52 176.18 177.15 176.97 177.77 173.62 167.72 164.84 159.95
87.15 85.776 85.072 83.57 83.182 83.124 82.657 80.778 80.213 79.145 79.174 79.674 79.727 79.844 79.794 79.765 79.721 79.646 79.809 80.649 81.025 82.168 82.543 83.409 83.589 83.831 84.118 84.616 85.472 86.497 87.41 88.338 90.176 92.083 93.594 95.126 94.44 93.698 96.467 98.33 102.71 105.44 104.27 103.27 104.13 104.33 108.97 111.33 112.08 112.53 112.12 112.31 117.7 121.55 128.84 132.85 133.15 133.98 133.82 135.18 139.2 143.93 154.39 160.41 163.08 167.91 175.15 177.92 180.91 178.68 170.74 166.4 159.33 159.77 164.22
86.4 84.966 83.889 82.961 82.395 82.107 81.458 80.467 79.703 79.307 79.112 79.089 79.153 79.113 79.219 79.305 79.267 79.128 79.704 80.389 81.294 81.905 82.518 82.835 83.205 83.412 84.073 84.548 85.448 86.01 87.246 88.493 90.08 91.877 93.348 94.529 94.489 94.524 97.044 99.251 102.5 104.95 104.35 103.74 103.85 105.03 108.65 111.83 112.33 112.7 112.49 113.57 118.24 122.79 129.4 133.8 135.09 136.7 137.75 139.18 143.27 148.13 159.11 163.55 164.47 168.01 176.24 178.94 181.73 175.26 165.15 157.21 152.46 153.59 162.4
86.108 84.253 83.453 82.342 81.997 81.54 81.156 79.893 79.634 79.18 79.095 78.834 78.742 78.657 78.71 79.051 79.013 78.669 79.242 80.697 81.08 82.187 82.244 82.546 82.728 83.129 83.703 84.959 85.414 85.942 87.136 88.408 90.021 91.557 93.096 94.201 94.678 95.21 98.231 101.09 102.58 103.63 104.8 105.46 103.91 103.6 108.98 111.45 112.53 113 113.77 114.74 118.86 121.96 128.17 131.41 136.79 139.39 144.25 146.4 146.96 151.28 162.94 167.31 169.78 172.99 179.88 181.07 177.51 168.5 145.87 141.23 137.83 143.63 151.28
85.515 83.9 82.923 82.263 81.878 81.772 81.241 80.481 79.867 79.436 79.168 79.054 78.788 78.483 78.628 78.937 78.995 78.936 79.527 80.192 81.056 81.562 81.931 82.022 82.245 82.39 83.656 84.608 85.493 85.815 86.622 87.638 89.5 91.56 92.692 93.715 94.277 95.788 98.002 100.79 101.2 102.48 103.32 104.34 103.23 104.04 107.71 111.17 111.73 112.96 114.07 116.27 119.76 122.87 127.1 130.44 134.69 138.84 143.75 146.35 146.6 150.72 161.65 167.05 170.19 173.36 179.58 177.64 173.57 160.01 137.17 130.8 131.25 136.53 147.32
85.39 83.591 82.872 82.11 81.874 81.806 81.513 80.544 80.168 79.376 79.222 79.083 78.765 78.246 78.354 79.035 79.08 79.082 79.569 80.338 80.672 81.465 81.509 81.635 81.692 81.778 83.001 85.105 85.536 86.015 86.225 86.114 89.183 91.622 92.502 93.013 93.904 94.284 97.712 99.547 99.643 98.888 101.9 102.47 102.06 101.55 107.09 109.18 110.78 111.32 114.6 116.49 122.06 124.78 126 127.44 130.36 132.81 139.98 141.94 141.77 145.22 155.83 161.29 168.3 171.14 172.33 170.16 159.6 148.36 126.06 122.91 125.3 133.29 144.72
85.107 83.949 83.098 82.228 81.873 81.729 81.427 81.061 80.367 79.563 79.105 78.797 78.399 77.922 78.102 78.452 79.018 79.499 79.873 80.108 80.561 80.83 81.102 81.176 81.209 81.177 82.831 84.073 85.205 85.738 86.044 87.132 88.896 91.638 92.327 93.418 93.896 95.139 96.876 98.701 98.345 98.8 100.22 101.51 100.89 102.05 105.57 109.14 110.41 112.47 115.12 118.21 122.41 125.61 127.11 128.62 130.48 132.69 137.79 140 140.15 143.46 152.1 157.2 164.2 165.65 167 161.78 153.26 141.22 121.89 118.92 122.72 128.97 142.42
85.095 83.944 83.272 82.226 81.839 81.622 81.332 81.036 80.463 79.342 78.983 78.552 78.207 77.569 77.849 78.368 78.912 79.953 79.931 80.144 80.241 80.604 80.737 80.888 80.87 80.652 82.346 84.169 84.762 85.497 86.073 86.676 88.95 90.845 92.393 93.509 94.144 94.737 96.592 97.488 97.621 97.358 99.568 100.25 99.936 99.695 105.34 107.52 111.24 112.88 116.88 118.96 123.15 125.39 130.64 132.51 133.36 134.62 136.19 137.58 140.4 142.75 146.91 150.82 155.48 157.06 153.86 151.26 142.73 134.83 121.94 118.65 117.69 124.55 132.6
85.001 84.054 83.317 82.43 81.842 81.149 80.833 80.435 79.926 79.235 78.751 78.377 78.062 77.844 78.077 78.53 79.045 79.379 79.638 79.638 80.056 80.377 80.784 81.018 81.072 81.068 82.547 83.957 84.627 85.523 86.385 88.002 89 90.799 91.851 93.504 94.222 95.537 96.669 97.86 98.008 98.549 99.778 100.52 100.14 100.98 104.13 107.58 110 113.31 116.41 119.81 122.68 126.08 130.1 132.44 132.95 133.16 133.66 134.03 135.96 137.02 140.17 143.79 149.76 149.52 147.1 141.75 136.92 129.41 119.82 116.65 116.24 121.35 130.14
85.073 84.125 83.454 82.449 81.758 80.887 80.474 80.105 79.686 78.91 78.639 78.169 78.114 77.895 78.272 78.836 78.997 79.302 79.222 79.365 79.67 80.445 80.728 81.27 81.346 81.422 82.803 84.077 84.547 84.795 86.884 88.49 89.422 89.733 91.753 92.724 94.556 95.497 97.178 98.307 98.771 99.378 100.68 101.56 100.57 100.59 103.96 105.35 109.24 110.72 116.63 118.55 122.77 124.3 129.45 130.76 130.51 130.23 128.29 127.96 125.82 126.47 125.79 130.91 143.61 143.39 132.32 130.62 126.39 122.67 114.25 113.5 114.19 120.11 128.43
85.259 84.481 83.684 82.5 81.635 80.491 80.129 79.944 79.511 78.929 78.548 78.282 78.229 78.375 78.565 78.815 78.984 79.016 78.98 78.829 79.394 79.942 80.56 81.057 81.374 81.841 83.013 84.294 84.796 85.693 86.739 88.446 89.146 90.417 91.354 92.964 94.097 95.965 97.314 98.736 98.974 99.593 100.49 101.23 100.97 101.68 103.67 106.31 108.84 111.95 115.24 118.53 121.19 124.49 127.81 129.64 129.37 127.93 125.75 124.06 122.85 121.33 120.39 125.02 137.06 137.62 130.23 126.39 123.58 119.58 113.96 112.94 113.36 117.47 126.41
85.414 84.563 83.638 82.411 81.474 80.258 79.955 79.802 79.513 78.77 78.64 78.266 78.454 78.608 78.777 78.94 78.958 78.923 78.83 78.535 79.105 79.751 80.418 81.03 81.753 81.861 83.496 84.629 85.162 85.584 86.889 87.788 89.393 90.293 91.675 92.17 94.326 95.17 97.896 99.089 98.996 98.941 100.47 100.8 101.28 101.56 104.75 105.66 110.04 111.75 114.73 115.97 120.29 121.66 127.28 128.42 128.28 127.09 121.18 120.29 121.07 119.66 112.78 117.22 129.78 132.11 131.53 127.7 119.58 118.15 117.79 115.26 110.44 113.97 116.5
85.794 84.266 83.371 82.059 81.194 80.115 79.865 79.904 79.555 79.121 78.829 78.754 78.735 78.873 78.916 78.987 78.994 79.047 78.973 79.035 79.264 79.793 80.598 81.725 82.489 83.496 83.936 84.613 85.195 86.205 87.01 88.396 89.212 90.588 91.493 92.971 94.047 95.739 97.015 98.418 98.684 99.391 100.27 101.21 101.64 102.94 104.93 107.56 110.21 112.88 114.8 116.9 119.04 122.46 126.59 129.65 130.23 128.6 124.17 122.19 122.37 120.11 115.03 118 127.04 131.17 132.26 130.18 122.99 121.68 120.68 114.4 108.23 108.5 114.28
85.818 84.312 83.198 81.965 81.124 80.063 79.824 79.815 79.52 79.091 78.967 78.862 78.889 79.003 79.016 78.997 79.069 79.087 79.205 79.188 79.519 79.637 80.791 81.979 83.295 84.551 84.516 84.374 85.435 86.054 87.51 88.249 89.546 90.081 91.907 92.813 94.474 95.178 96.73 97.242 98.607 99.106 100.91 101.41 102.55 103 107.25 108.31 112.11 112.96 116.64 117.36 118.85 120.05 129.03 130.95 135.49 134.09 129.24 127.05 125.66 123.84 120.61 121.66 126.89 130.33 137.17 135.02 132.14 128.48 124.65 115.3 94.241 101.11 112.98
85.971 84.151 83.163 81.916 81.158 80.395 79.902 79.328 79.237 79.024 78.934 78.789 78.841 78.921 79.03 79.178 79.163 79.231 79.371 79.704 79.831 80.222 80.859 81.776 83.262 84.506 84.653 84.934 85.71 87.059 87.836 89.063 89.614 90.652 91.486 92.803 93.755 94.987 95.651 96.809 97.871 99.428 100.65 102.11 103 105.12 107.91 111.06 113.36 115.71 117.61 118.96 119.57 122.06 126.73 131.44 135.23 136.48 133.68 131.73 129.7 126.65 123.21 124.75 128.71 134.51 139.24 140.49 137.27 135.89 131.28 117.21 97.113 101.38 114.09
85.902 84.32 83.239 82.049 81.313 80.356 79.981 79.273 79.241 79.06 79.061 78.804 78.892 78.895 79.001 79.231 79.178 79.217 79.535 79.879 80.308 80.393 81.159 81.478 83.477 84.853 85.059 84.78 86.361 87.161 88.53 89.234 90.062 90.437 91.672 91.984 93.709 94.204 95.149 95.365 97.843 98.608 101.23 102.05 104.15 105.13 111.1 112.68 117.21 118.29 120.43 120.87 121.94 122.4 125.97 127.84 137.47 138.76 140.13 138.4 134.75 131.19 123.99 125.79 136.63 139.08 147.05 145.84 146.96 143.77 143.07 125.93 97.448 103.96 126.6
85.958 84.311 83.512 82.293 81.574 80.595 80.132 79.687 79.486 79.481 79.323 79.333 79.092 78.928 78.931 78.926 79.061 79.191 79.581 80.131 80.717 81.523 81.659 82.326 83.849 85.442 85.642 86.128 86.713 87.889 88.685 89.747 90.086 90.822 91.597 92.707 93.439 94.337 94.762 95.767 97.035 98.811 100.23 101.97 103.17 106.15 109.98 114.16 116.84 119.16 120.21 122.03 123.7 125.27 126.29 128.82 133.42 136.6 138.52 138.79 136.77 133.16 127.64 129.09 135.14 141.9 147.81 151.48 150.9 152.09 150.31 135.69 109.84 114.07 127.72
85.833 84.633 83.608 82.59 81.759 80.696 80.417 79.825 79.792 79.565 79.573 79.45 79.269 78.925 78.931 78.859 79.11 79.182 79.892 80.181 81.365 82.004 82.236 82.281 84.401 85.945 86.35 86.451 87.22 87.77 88.907 89.81 90.218 90.53 92.139 92.71 93.823 94.12 94.827 95.087 97.102 97.727 100.02 100.68 102.76 103.64 111.48 113.25 117.96 118.88 120.15 121.14 127.96 128.63 128.05 127.99 128.86 130.12 135.96 137.25 139.27 136.65 131.38 131.2 134.95 140.24 155.66 155.99 159.65 158.69 162.92 148.61 133.36 126.74 128.25
85.811 84.388 83.69 82.541 81.92 81.151 80.735 80.482 80.101 79.849 79.706 79.66 79.369 79.12 79.049 79.164 79.371 79.906 80.443 81.408 81.91 82.622 82.45 82.728 84.5 86.097 86.58 86.948 87.066 87.571 88.405 89.422 90.129 91.163 92.077 93.214 93.809 94.462 94.7 95.324 96.135 97.333 98.388 99.973 101.4 104.77 109 113.14 115.39 117.19 117.82 120.55 124.59 127.86 128.83 128.66 127.57 128.73 132.27 136.36 139.48 140.16 136.94 138.12 139.21 147.3 156.1 163.02 164.81 167.86 167.66 157.02 142.01 135.88 132.96
85.759 84.768 83.888 82.706 82.219 81.304 81.106 80.63 80.456 79.951 79.934 79.716 79.563 79.179 79.351 79.248 79.662 79.998 80.939 81.751 82.404 82.88 82.397 82.446 84.317 86.339 86.509 87.052 87.07 86.991 88.291 88.791 90.208 90.929 92.448 93.098 94.087 94.505 94.718 94.842 95.81 96.048 97.71 98.047 101.23 102.29 109.42 110.79 113.91 114.34 115.72 116.57 122.93 124.72 131.35 130.85 124.78 125.18 129.29 132.29 143.67 143.8 146.27 145.6 151.74 153.72 165.05 167.95 180.35 176.57 174.39 163.08 147.34 142.24 142.92
85.865 84.984 84.255 83.361 82.613 81.86 81.425 81.17 80.773 80.562 80.192 79.989 79.769 79.769 79.739 80.011 79.833 79.96 81.062 82.152 82.424 82.417 81.894 81.426 83.249 84.79 85.853 86.754 87.376 88.163 88.593 89.414 90.01 90.905 91.61 92.475 93.133 93.766 94.126 94.613 95.108 96.144 97.42 99.076 100.44 103.1 106.14 109.44 111.58 114.86 117.64 120.84 123.22 126.12 129.01 129.2 126.86 126.99 128.73 134.25 141.16 145.97 147.7 151.53 154.34 161.28 166.88 174.06 179.64 176.94 173.3 159.22 147.81 140.95 144.09
86.245 85.479 84.737 83.634 83.063 82.009 81.721 81.263 81.123 80.718 80.532 80.062 80.053 79.883 80.14 80.195 79.93 79.791 81.007 82.327 82.331 82.406 81.568 80.885 82.612 83.715 85.322 86.339 87.748 88.442 89.088 89.366 90.026 90.404 91.208 91.623 92.794 92.996 93.851 94.053 94.892 95.243 98.231 98.953 100.97 101.48 105.48 106.34 111.02 112.84 122.96 124.14 125.85 125.99 127.52 127.85 128.79 128.86 130.12 132.71 143.21 145.54 151.58 153.73 162.1 165.22 177 177.5 179.75 175.23 161.86 154.14 134.76 135.67 132.3
86.825 86.01 85.268 84.622 83.548 82.446 81.935 81.566 81.372 81.385 80.846 80.519 80.29 80.32 80.376 80.532 79.879 79.427 80.68 81.606 82.107 82.193 81.89 81.875 82.618 83.816 85.154 86.701 87.747 88.8 89.095 89.514 89.814 90.378 91.124 92.004 92.67 93.366 93.692 94.129 94.455 95.566 97.167 99.261 101.03 103.61 106.04 108.37 109.7 113.38 118.09 121.85 123.32 124.69 125.47 127.06 128.62 131.11 132.78 137.47 142.33 147.43 151.06 156.98 161.94 169.71 176.03 179.13 179.66 172.6 164.59 149.55 137.21 138.23 137.28
87.302 86.501 85.677 84.711 83.863 82.632 82.264 81.714 81.733 81.503 81.226 80.651 80.592 80.396 80.604 80.636 80.163 79.398 80.88 81.585 82.144 82.214 82.325 82.104 82.97 83.325 85.139 86.271 87.764 88.708 89.019 89.367 89.564 89.929 91.121 91.8 93.034 93.382 93.891 93.976 94.568 94.735 97.554 98.26 102.64 103.76 108.8 109.43 109.58 110.23 115.88 117.11 121.23 121.84 123.82 124.98 129.89 131.77 139.11 140.17 145.58 147.33 153.6 157.14 166.47 170.48 179.91 179.81 178.78 173.12 161.63 150.23 131.17 141.91 165.6
87.735 86.866 85.99 85.003 84.077 83.115 82.591 82.333 82.046 82.011 81.529 81.287 80.833 80.656 80.731 80.94 80.785 81.121 81.554 82.394 82.511 82.832 82.867 83.191 83.319 83.939 84.729 85.849 87.181 88.207 88.504 88.742 89.035 89.557 90.453 91.471 92.413 93.304 93.896 94.666 95.465 96.825 98.332 100.67 102.93 105.55 107.41 109.04 109.72 111.43 113.5 115.79 117.49 120.23 122.72 126.47 129.64 134.35 138.36 142.54 145.24 148.93 151.96 157.72 163.28 170.4 176.25 178.18 178.03 172.09 165.58 151.74 138.57 157.91 172.96
87.915 86.91 86.137 85.108 84.379 83.362 83.03 82.488 82.406 82.109 81.845 81.393 81.03 80.684 80.827 80.977 81.272 81.421 82.065 82.514 82.754 82.944 83.415 83.506 83.888 83.847 84.757 85.15 86.891 87.733 88.152 88.367 88.728 88.916 90.147 90.747 92.437 92.892 94.218 94.651 96.841 97.422 100.35 101.1 105.04 105.7 107.33 107.84 110.37 110.84 113.3 113.76 115.13 116.91 124.12 125.92 132.37 133.98 140.65 141.87 147.35 148.14 152.12 155.87 163.06 167.86 175.13 176.31 175.78 172.34 166.04 155.97 144.84 168.01 217.12
88.044 86.955 86.242 85.441 84.677 84.078 83.398 83.018 82.672 82.56 82.044 81.709 81.096 80.691 80.86 81.097 81.475 81.865 82.041 82.229 82.728 83.126 83.81 84.426 84.411 84.723 84.971 85.628 86.465 87.369 88.252 88.837 88.835 89.188 89.812 90.724 91.718 92.819 93.753 95.333 97.322 99.591 101.51 103.98 106.16 107.15 106.47 107 108.3 110.8 113.41 115.78 117.11 120.36 123.86 127.95 130.94 134.51 137.31 141.04 144.16 147.77 150.36 154.74 158.77 164.3 169.37 171.69 172.8 169.17 165.85 159.28 152.61 181.56 213.82
