Input/Ta and c maps/Net_Snowfall_avg_1979-2014_MAR.asc
ncols 301
nrows 561
xllcorner -802.5
yllcorner -3402.5
cellsize 5
nodata_value -999
[rows 132 to 164 of 561, columns 0 to 74 of 301]
-999 -999 -999 -999 -999 -999 -999 -999 -999 -999 68.733 -999 -999 -999 -999 41.401 51.784 68.542 104.36 143.25 227.33 218.6 258.72 205.35 214 133.09 104.92 21.974 -33.058 -65.616 -108.73 -118.92 -157.44 -133.8 -156.45 -76.232 -70.029 -10.354 -4.2716 40.491 49.765 81.856 88.143 103.47 107.02 132.22 136.85 153.46 156.86 169.5 173.34 189.13 192.06 203.16 207.8 216.91 222.3 233.41 236.99 243.62 245.1 249.62 249.39 252.63 250.62 252.18 248.6 249.01 244.79 244.49 240.07 239.39 233.41 231.05 224.42
-999 -999 -999 -999 -999 -999 -999 -999 -999 -999 66.635 -999 -999 -999 -999 -999 28.676 33.949 8.2744 75.341 75.89 123.31 85.34 107.21 53.395 66.775 30.438 21.124 8.6971 -21.093 -17.615 -51.335 -45.126 -46.163 -18.539 -13.539 17.047 31.19 56.67 69.218 88.705 100.44 114.76 123.23 136.45 148.89 161.04 167.88 175.27 180.38 188.31 195.88 204.48 210.61 218.46 223.53 232.83 239.88 248.12 250.72 256.93 256.01 261.93 259.17 264.1 259.16 263.1 256.34 259.68 252.39 255.37 248.73 250 242.34 242.26
-999 -999 -999 -999 -999 -999 -999 -999 -999 -999 -999 -999 -999 -999 -999 -999 -999 10.42 16.317 32.186 55.462 56.398 62.287 53.402 58.429 74.149 70.595 80.67 49.353 55.884 23.705 33.213 9.7728 45.8 38.807 64.824 49.821 90.832 83.584 105.39 108.85 128.01 131.82 151.45 156.23 180.41 184.3 195.23 197.51 204.29 207.11 217.5 216.89 231.2 230.84 244.25 246.05 262.25 262.47 274.73 272.14 279.94 276.23 282.56 277.69 282.12 275.99 278.59 271.64 272.81 265.85 266.07 259.24 258.59 251.37
-999 -999 -999 -999 -999 -999 -999 -999 -999 -999 -999 -999 -999 -10.929 -11.179 -15.343 -999 -999 -999 18.422 25.721 35.124 27.923 47.433 57.081 145.94 213.1 176.5 199.61 152.8 160.52 132.57 143.4 133.43 147.61 142.83 153.39 152.1 160.88 163.15 169.47 171.37 179.41 188.26 200.58 211.24 220.89 225.17 229.16 229.63 233.99 236.36 243.18 245.81 254.46 257.23 268.43 272.72 283.49 283.22 292.47 287.47 295.24 289.28 295.42 288.6 292.98 285.27 288.06 279.72 281.27 272.84 273.91 266.49 266.64
-999 -999 -999 -999 -999 -999 -999 -999 -999 -999 49.704 28.854 21.455 -0.95363 -15.892 -22.511 -30.217 -0.91524 30.615 50.05 56.182 49.856 57.437 92.693 137.77 215.19 255.43 254.63 241.24 242.77 225.21 228.6 208.64 219.39 208.13 219.7 213 219.39 203.23 207.73 208.11 209.74 212.28 230.1 235.33 254.27 258.75 267.4 269 268.78 270.1 274.26 268.18 282.73 277.99 294.03 291.47 308.66 305.44 320.1 313.76 322.76 314.63 320.27 311.84 315.37 306.93 308.8 300.19 300.56 291.97 291.34 283.32 282.41 275.38
-999 -999 -999 -999 -999 -999 -999 -999 -999 43.092 60.196 52.362 38.139 29.631 -13.322 27.592 -15.442 75.558 84.501 103.66 109.3 67.537 67.199 169.9 243.7 286.08 330.96 308.05 316.18 334.37 352.19 332.41 334.92 312.85 313.94 311.77 313.81 308.97 303.14 290.26 282.75 279.05 283.23 295.66 306.58 315.91 319.79 318.87 315.56 309.49 307.68 304.15 307.42 305.57 313.57 313.3 324.22 324.04 334.59 330.34 339.62 331.55 337.6 327.72 331.79 321.95 324.59 315.13 316.38 306.94 307.15 297.98 297.45 289.06 289.08
-999 -999 -999 -999 -999 -999 -999 -999 -999 32.375 41.419 62.208 85.249 81.714 107.11 135.52 193.89 213.8 228.69 191.54 151.71 137.73 144.82 208.94 268.29 304.23 329.04 324.58 341.21 379.08 404.31 408.91 403.18 392.29 381.73 386.29 382.79 379.23 373.31 336.13 347.44 326.51 332.2 356.95 364.37 380.99 381.4 375.41 371.54 358.77 355.45 350.85 339.41 352.27 343.52 360.37 353.06 369.49 360.88 372.73 362.29 368.9 356.99 359.75 347.97 348.96 338.23 338.57 328.39 327.96 318.16 317.09 307.44 302.81 298.01
-999 -999 -999 -999 -999 -999 -999 -999 -999 -999 32.952 72.918 100.77 153.14 157.87 299.26 326.46 369.72 395.22 270.26 218.93 212.44 210.11 267.51 275.49 301.54 318.5 319.44 333.9 422.66 457.86 500.41 509.64 497.12 490.02 480.78 472.86 465.95 449.6 433.38 421.35 425.91 431.27 449.04 453.2 455.66 445.58 434.52 417.48 403.21 392.1 383.34 382.64 378.49 384.89 382.32 390.55 383.29 392.37 382.77 388.51 377.3 379.88 366.95 367.94 355.3 355.82 344.53 344.31 333.98 332.97 323.57 321.24 312.35 310.79
-999 -999 -999 -999 -999 -999 -999 -999 -999 -999 -999 74.816 131.58 204.23 304.7 369.15 447.77 454.42 446.01 397.6 343.22 322.25 309.19 329.33 346.47 368.09 372.73 374.02 390.81 457.66 499.69 542.55 557.87 551.28 550.62 539.31 536.15 519.86 512.5 472.99 491.35 484.45 515.23 521.67 522.8 516.99 507.81 482.23 469.07 443.12 435.08 423.91 412.13 424.96 414.96 430.65 419.19 431.21 416.94 421.91 408.81 412.26 397.81 398.23 383.85 383.26 369.97 369.15 356.99 355.88 344.47 342.87 331.93 326.57 320.11
-999 -999 -999 -999 -999 -999 -999 -999 -999 -999 -999 87.024 117.12 275.77 339.88 467.4 512.92 507.95 520.36 479.52 488.89 423.13 419.47 437.22 445.78 484.88 492.96 462.51 475.16 519.83 546.2 582.93 594.27 604.55 604.63 618.66 604.12 585.27 561.94 545.86 547.65 577.94 590.05 609.87 596.16 580.46 547.52 522.94 494.33 477.13 462.35 453.47 453.22 450.78 455.47 447.3 454.32 443.18 446.05 431.87 433.61 420.12 419.44 405.11 403.19 389.56 387.4 375.16 372.69 361.89 358.72 349.06 345.23 336.54 332.17
-999 -999 -999 -999 -999 -999 -999 -999 -999 -999 -999 103.58 177.44 303.01 419.86 452.25 481.65 474.49 463.05 454.99 443.99 435.47 446.34 474.18 499.08 515.39 512.45 495.97 503.02 536.95 565.15 593.12 610.62 622.48 634.95 648.18 644.3 614.47 609.51 577.33 611.08 635.75 669.54 669.84 662.51 613 587.69 537.61 524.32 498.01 494.1 485.73 477.64 492.9 481.72 493.19 478.15 483.18 466.83 468.49 452.25 452.68 435.93 434.52 418.24 416.35 401.37 399.56 385.44 383.29 370.49 364.96 356.47 350.6 342.88
-999 -999 -999 -999 -999 -999 -999 -999 -999 -999 -999 121.54 155.14 350.41 428.92 446.49 461.61 426.83 420.41 400.05 397.15 424.53 438.92 532.46 547.16 542 534.51 492.73 503.63 553.48 570.85 595.47 610.82 639.87 649.79 665.06 659.7 653.68 645.05 657.24 682.5 742.93 739.75 732.33 683.88 640.01 593.61 567.57 543.11 533.03 525.19 521.07 524.55 523.58 523.29 509.45 509.96 494.33 492.74 477.57 474.89 460.02 456.02 441.18 436.42 422.46 417.88 405.55 400.43 389.19 384.07 374.39 368.97 360.72 354.64
-999 -999 -999 -999 -999 -999 -999 -999 -999 -999 -999 141.65 210.92 317.28 394.32 407.45 399.74 372.6 351.98 342.58 357.6 388.93 433.56 476.56 490.86 479 466.17 456.56 480.8 527.04 564.57 590.1 608.11 631.78 645.93 666.58 673.74 667.09 687.75 697.95 748.2 807.18 799.52 758.48 714.55 629.06 611.41 569.91 575.81 558.15 561.31 561.4 552.67 570.35 549.85 552.23 530.66 528.63 510.2 509.06 490.76 488.76 471.02 468.75 450.66 447.71 431.48 429.01 413.61 407.66 396.53 390.22 380.5 374.02 365.99
-999 -999 -999 -999 -999 -999 -999 -999 -999 -999 -999 146.41 189.52 314.98 366.84 372.2 378.89 316.94 306.57 -999 -999 372.74 388.29 421.47 415.46 348.35 350.46 377.08 419.53 505.2 537.73 595.33 602.39 588.54 618.24 665.77 678.56 692.13 721.93 784.19 807.29 838.78 812.61 777.47 712.28 664.61 621.72 605.8 599.69 603.69 604.39 603.95 604.66 594.06 590.13 568.88 561.18 540.96 534.89 518.06 511.01 495.36 489.08 475.14 467.52 453.68 447.11 435.07 428.3 417.18 409.93 400.04 392.33 382.8 376.74
-999 -999 -999 -999 -999 -999 -999 -999 -999 -999 -999 -999 -999 261.41 312.03 343.58 335.17 297.66 -999 -999 -999 316.15 335.94 326.47 305.59 285.17 291.58 321.49 397.12 481.13 536.45 572.3 562.49 558.8 585.45 650.15 681.77 708.42 756 823.44 836.82 857.34 801.28 763.25 703.02 653.84 643.93 618.66 646.29 646.52 662.1 650.2 633.08 642.11 612.89 607.4 579.8 574.08 551.16 547.53 524.36 519.2 502.31 500.06 480.71 477.09 460.83 458.5 442.39 436.19 423.71 416.58 405.26 397.67 387.84
-999 -999 -999 -999 -999 -999 -999 -999 -999 -999 -999 -999 -999 236.81 270.95 320.5 329.52 -999 -999 -999 -999 293.52 284.38 -999 -999 189.19 212.22 258.91 339.53 531.84 541.39 515.9 514.4 468.38 532.93 624.16 673.26 741.68 780.36 840.6 834.35 797.34 747.45 653.45 659.67 655.4 656.57 667.41 680.97 708.45 690.93 674.58 669.94 654.98 637.39 609.44 599.06 579.41 568.37 549.64 539.55 523.77 516.79 504.31 495.99 482.87 475.72 464.08 456.27 445.59 436.38 426.43 416.41 407.6 396.83
-999 -999 -999 -999 -999 -999 -999 -999 -999 -999 -999 -999 -999 -999 -999 271.69 281.5 -999 -999 -999 -999 -999 -999 -999 -999 201.22 240.08 266.15 360.89 475.46 488.52 475.35 442.75 435.15 495.34 611.88 633.89 724.03 719.89 827.13 761.02 778.62 669.49 600.95 624.31 661.56 680.7 683.39 726.72 758.89 726.05 699.87 687.02 686.54 644.37 622.71 606.93 602.55 574.87 564.87 548.02 543.97 525.86 522.12 509.1 507.59 488.65 482.16 469.8 463.3 449.35 441.07 429.18 420.14 407.79
-999 -999 -999 -999 -999 -999 -999 -999 -999 -999 -999 -999 -999 -999 -999 248.27 256.45 -999 -999 -999 -999 -999 -999 -999 -999 259.54 273.06 315.44 359.95 446.86 437.79 345.82 373.96 373.39 459.56 556.95 575.29 525.2 593.75 569.6 630.79 587.46 591.74 548.81 619.89 687.14 699.82 714.32 735.64 750.3 721.74 685.37 682.59 668.84 647.73 620.92 613.77 599.41 584.45 566.01 558.24 546.57 537.91 526.78 521.73 511.85 500.92 489.19 480.44 470.76 458.62 449.08 437.23 428.66 413.87
-999 -999 -999 -999 -999 -999 -999 -999 -999 -999 -999 -999 -999 -999 -999 -999 -999 239.84 -999 -999 -999 -999 -999 -999 237.93 274.12 308.3 321.69 342.93 378.37 342.76 313.36 325.59 376.45 436.36 532.91 487.21 476.51 440.24 511.43 486.17 544.67 521.95 524.26 621.02 710.07 706.08 721.86 724.12 762.02 696.39 675.23 668.93 668.41 637.03 625.41 612.51 609.48 586.2 577.16 563.65 560.4 546.64 544.28 531.46 526.85 510.58 503.03 488.8 480.71 467.08 457.82 444.73 434.35 421.35
-999 -999 -999 -999 -999 -999 -999 -999 -999 -999 -999 -999 -999 -999 -999 -999 -999 230.45 222.48 -999 -999 -999 -999 244.22 258.04 331.13 317.61 341.79 325.2 258.29 277.55 -999 288.63 371.78 421.79 456.08 415.35 -999 316.73 287.98 385.32 406.25 497.14 556.51 625.29 674.31 678.95 665.33 672.77 665.81 669.11 657.94 653.12 642.78 633.09 618.97 610.76 599.99 590.53 579.42 572.54 563.73 557.95 548.79 541.22 530.47 518.74 506.78 494.12 483.32 470.28 461.01 446.89 438.4 423.14
-999 -999 -999 -999 -999 -999 -999 -999 -999 -999 -999 -999 -999 -999 -999 -999 -999 -999 -999 -999 -999 -999 -999 -999 -999 265.95 279.36 288.31 259.93 232.99 -999 -999 -999 360.37 378.15 419.28 -999 -999 -999 258.55 311.12 376.78 453.11 561.38 586.33 667.85 614.84 633.04 599.35 611.23 626.05 648.76 635.16 627.32 621.39 619.4 600.82 594.31 591.32 590.38 577.6 575.37 567.51 565.64 546.76 539.54 524.07 515.06 494.86 484.32 469.5 459.65 446.63 436.9 426.16
-999 -999 -999 -999 -999 -999 -999 -999 -999 -999 -999 -999 -999 -999 -999 -999 -999 -999 -999 -999 -999 -999 -999 -999 -999 -999 -999 -999 -999 -999 -999 -999 -999 344 342.57 -999 -999 -999 -999 -999 283.56 319.01 395.8 419.59 493.3 490.96 537.7 535.31 556.73 571.85 603.8 626.29 625.29 621.12 618.29 611.02 601.43 594.13 594.98 592.28 585.75 576.89 570.88 560.49 547.36 535.41 523.63 511.67 494.18 481.64 467.22 457.15 443.67 435.72 424.3
-999 -999 -999 -999 -999 -999 -999 -999 -999 -999 -999 -999 -999 -999 -999 -999 -999 -999 -999 -999 -999 -999 -999 -999 -999 -999 -999 -999 -999 -999 -999 -999 -999 304.98 -999 -999 -999 -999 -999 -999 -999 300.17 314.18 380.37 384.2 439.6 458.51 487.39 525.47 537.56 599.46 614.52 619.67 619.12 614.39 611.25 597.85 593.82 600.81 601.53 589.67 586.28 566.21 558.65 538.12 529.39 515.09 505.97 487.63 477.08 460.41 450.73 437.22 429.26 420.33
-999 -999 -999 -999 -999 -999 -999 -999 -999 -999 -999 -999 -999 -999 -999 -999 -999 -999 -999 -999 -999 -999 -999 -999 -999 -999 -999 -999 -999 -999 -999 -999 -999 -999 -999 -999 -999 -999 -999 -999 -999 -999 222.9 213.05 302.27 348.09 437.18 506.27 547.87 596.59 623.57 647.14 636.03 627.63 622.18 615.37 609.53 605.77 607.76 603.45 594.34 580.57 566.67 550.14 534.52 519.68 507.75 495.89 482.08 470.68 456.26 445.42 432.41 424.62 416.24
-999 -999 -999 -999 -999 -999 -999 -999 -999 -999 -999 -999 -999 -999 -999 -999 -999 -999 -999 -999 -999 -999 -999 -999 -999 -999 -999 -999 -999 -999 -999 -999 -999 -999 -999 -999 -999 -999 -999 -999 -999 -999 -999 174.14 238.83 291.7 404.81 485.45 548.82 604.87 640.5 669.55 643.74 637.85 627.68 624.85 621.05 619.48 618.22 615.82 589.34 583.11 556.53 549.2 522.3 512.28 490.27 482.7 470.23 462.64 448.62 439.45 423.78 417.53 411.06
-999 -999 -999 -999 -999 -999 -999 -999 -999 -999 -999 -999 -999 -999 -999 -999 -999 -999 -999 -999 -999 -999 -999 -999 -999 -999 -999 -999 -999 -999 -999 -999 -999 -999 -999 -999 -999 -999 -999 -999 -999 -999 -999 -999 212.11 268.52 330.14 392 473.28 534.65 586.02 617.83 631.24 635.61 635.97 637.54 640.67 638.5 631.99 614.12 592.63 569.74 554.17 537.25 521.46 505.38 489.31 477.37 468.22 459.45 448.15 437.78 422.67 416 409.51
-999 -999 -999 -999 -999 -999 -999 -999 -999 -999 -999 -999 -999 -999 -999 -999 -999 -999 -999 -999 -999 -999 -999 -999 -999 -999 -999 -999 -999 -999 -999 -999 -999 -999 -999 -999 -999 -999 -999 -999 -999 -999 -999 -999 183.73 227.46 265.61 321.7 404.02 470.24 530.67 578.41 622.44 632.24 643.25 646.3 660.49 661.62 637.3 628.44 572.27 561.93 533.63 528.18 512.76 506.4 483.48 477.63 466.49 460.29 450.9 441.12 426.33 418.91 412.68
-999 -999 -999 -999 -999 -999 -999 -999 -999 -999 -999 -999 -999 -999 -999 -999 -999 -999 -999 -999 -999 -999 -999 -999 -999 -999 -999 -999 -999 -999 -999 -999 -999 -999 -999 -999 -999 -999 -999 -999 -999 -999 -999 -999 -999 -999 -999 -999 289.91 358.9 451.83 523.55 577.81 618.27 640.15 651.95 651.3 637.53 615.69 584.28 555.7 531.36 519.38 509.82 504.96 495.79 484.01 475.49 468.12 462.83 455.15 447.73 432.42 426.36 416.4
-999 -999 -999 -999 -999 -999 -999 -999 -999 -999 -999 -999 -999 -999 -999 -999 -999 -999 -999 -999 -999 -999 -999 -999 -999 -999 -999 -999 -999 -999 -999 -999 -999 -999 -999 -999 -999 -999 -999 -999 -999 -999 -999 -999 -999 -999 -999 -999 228.82 277.13 408.88 465.29 569.82 591.92 643.04 648.27 632.02 621.8 563.23 550.07 505.29 499.78 486.32 486.73 485.92 485.53 476.28 474.08 469.65 466.93 465.55 457.98 451.1 439.42 427.46
-999 -999 -999 -999 -999 -999 -999 -999 -999 -999 -999 -999 -999 -999 -999 -999 -999 -999 -999 -999 -999 -999 -999 -999 -999 -999 -999 -999 -999 -999 -999 -999 -999 -999 -999 -999 -999 -999 -999 -999 -999 -999 -999 -999 -999 -999 -999 -999 207.87 271.68 348.12 427.08 492.37 543.34 566.5 572.32 557.75 531.21 503.16 483.97 478.42 476.19 476.77 478.97 481.34 480.73 477.6 475.11 472.19 471.52 469.89 466.43 458.32 448.6 430.41
-999 -999 -999 -999 -999 -999 -999 -999 -999 -999 -999 -999 -999 -999 -999 -999 -999 -999 -999 -999 -999 -999 -999 -999 -999 -999 -999 -999 -999 -999 -999 -999 -999 -999 -999 -999 -999 -999 -999 -999 -999 -999 -999 -999 -999 -999 -999 -999 195.18 227.2 320.67 365.17 469.57 484.66 515.6 510.9 476.66 465.78 418.16 424.5 445.01 453.91 468.5 473.86 478.71 478.86 480.27 477.51 475.59 475.02 478.06 472.76 467.6 455.35 440.24
-999 -999 -999 -999 -999 -999 -999 -999 -999 -999 -999 -999 -999 -999 -999 -999 -999 -999 -999 -999 -999 -999 -999 -999 -999 -999 -999 -999 -999 -999 -999 -999 -999 -999 -999 -999 -999 -999 -999 -999 -999 -999 -999 -999 -999 -999 -999 -999 -999 -999 220.54 275.41 326.17 369.9 387.45 399.55 398.74 402.28 407.78 426.16 447.67 469.2 480.48 488.45 488.9 491.99 491.3 490.93 485.34 483.55 481.45 475.84 467.96 458.57 442.23
-999 -999 -999 -999 -999 -999 -999 -999 -999 -999 -999 -999 -999 -999 -999 -999 -999 -999 -999 -999 -999 -999 -999 -999 -999 -999 -999 -999 -999 -999 -999 -999 -999 -999 -999 -999 -999 -999 -999 -999 -999 -999 -999 -999 -999 -999 -999 -999 -999 -999 176.59 196.7 272.57 286.14 317.02 328.39 343.45 367.5 408.61 428.8 474.73 484.84 511.58 510.47 508.46 505.77 516.69 507.4 504.2 493.99 484.29 477.13 466.84 458.95 448.36
