Input/Ta and c maps/Net_Snowfall_avg_1979-2014_MAR.asc
ncols 301
nrows 561
xllcorner -802.5
yllcorner -3402.5
cellsize 5
nodata_value -999
[rows 462 to 494 of 561, columns 75 to 149 of 301]
389.86 386.84 382.83 381.48 378.47 379.65 376.45 378.13 373.62 374.36 371.13 374.12 373.5 379.02 384.47 395.29 404.54 417.37 429.41 444.43 461.13 480.25 504.19 529.43 561.69 592.17 631.85 665.8 707.23 736.04 771.81 794.46 825.08 846.18 872.99 890.18 911.68 928.89 948.98 970.59 982.38 1014.5 1035.2 1087.1 1150.3 1216.7 1328.4 1383.7 1519.7 1468 1507.8 1361.5 1265 1198.4 1260.2 1118.3 945.73 910.42 912.85 923.5 892.25 820.5 573.44 521.93 610.32 638.72 773.26 861.22 -999 -999 -999 -999 -999 -999 -999
394.23 389.4 389.01 384.61 389.49 385.29 391.06 383.4 387.75 378.95 383.35 377.8 384.7 385.77 395.16 403.88 413.9 426.99 439.82 458.15 473.34 499.37 509.56 555.06 566.71 624.18 637.11 701.48 715.03 768.59 780.69 825.51 837.19 883.81 899.33 919.49 946.25 962.19 992.74 1001.4 1030.3 1037.7 1063.5 1091.7 1124.4 1186 1226.1 1302.1 1306.9 1309.2 1129.1 1145.7 988.9 1010.1 893.56 847.74 682.98 754.12 976.39 993.37 925.89 834.05 720.57 659 648.3 667.64 671.19 684.3 -999 -999 -999 -999 -999 -999 -999
398.81 398.68 394.99 397.4 401.11 413.48 407.08 413.66 403.43 405.43 396.82 398.8 396.69 403.17 407.43 415.92 425.25 437.23 453.58 473.23 495.9 520.22 549.01 576.89 612.13 643.53 683.25 715.41 753.97 781.39 815.48 840.35 873.16 900.12 931.43 953.44 979.52 1003.3 1028.9 1053.9 1058.2 1098.6 1095.2 1142.1 1146.8 1184 1212.6 1220.8 1259.1 1204.6 1112.3 1075 966.38 895.7 776.72 694.66 573.49 647.21 962.4 944.38 874.58 816.02 710.44 686.76 651.99 657.43 591.42 611.89 -999 -999 -999 -999 -999 -999 -999
411.44 403.68 408.12 403.88 420.28 420.73 430.19 420.95 425.75 412.2 416.73 404.25 414.54 412.12 423.53 425.64 438.39 447.53 465.49 491.02 511.09 547.6 559.79 612.67 625.27 685.59 697.98 757.01 768.39 820.22 830.93 880.56 892.32 942.57 955.92 983.65 1011.8 1037.4 1070.2 1100.4 1147.6 1157.5 1207.4 1200.9 1240.6 1202.8 1177.6 1173.4 1130.3 1179.9 1234 1145.6 1038.5 904.21 704.17 626.34 559.82 604.78 651.38 682.66 605.02 570.17 541.52 525.94 -999 -999 -999 -999 -999 -999 -999 -999 -999 -999 -999
423.4 423.88 422.13 431.28 439.14 457.98 450.61 458.89 446.05 449.69 436.36 439.33 433.73 444.83 442.42 450.08 456.98 467.93 485.38 505.28 533.6 561.02 597.47 630.21 673.01 709.73 751.93 782.97 819.1 845.45 877.9 904.72 937.09 966.33 996.39 1022.6 1047.2 1074.3 1103.2 1141.4 1163.7 1208.9 1223.1 1262.7 1258.7 1224.3 1171.3 1139.6 1119.9 1191 1258.9 1218.3 1065.3 975.15 681.93 674.03 550.25 561.49 580.8 528.16 462.12 421.42 426.5 415.66 -999 -999 -999 -999 -999 -999 -999 -999 -999 -999 -999
450.75 437.96 447.04 441.1 466.26 466.92 480.41 468.64 476.82 459.15 466.15 447.94 461.85 454.4 468.19 464.8 479.59 483.73 504.15 526.04 540.7 589.39 605.5 669.86 686.86 763.69 777.99 840.05 851.67 901.1 911.86 961.26 973.41 1010.4 1040 1063.7 1092.7 1107.2 1132.8 1173.5 1213.5 1240 1278.3 1305.1 1345.8 1238.5 1153.6 1134.3 1130.4 1212.5 1326.4 1270.2 1220.5 1089.3 1026.5 847.49 729.18 632.8 561.42 493.53 412.89 367.38 -999 -999 -999 -999 -999 -999 -999 -999 -999 -999 -999 -999 -999
479.23 481.85 473.94 486.77 492.32 513.07 508.39 522.66 505.76 511.88 494.15 499.75 488.69 499.44 492.7 499.06 502.38 510.28 526.9 545.54 576.22 604.27 647.99 685.94 738.68 781.81 832.53 868.61 907.43 933.2 964.6 992.11 1024.9 1058.1 1085.5 1110.2 1126.3 1147.7 1161.8 1194.7 1228.9 1266.3 1293.1 1317.5 1331.2 1179.9 1121 1037.1 1101.8 1075.3 1284.5 1148.4 1218.9 1098.3 1066.6 930.23 748.78 692.32 553.27 523.93 376.2 353.02 -999 -999 -999 -999 -999 -999 -999 -999 -999 -999 -999 -999 -999
518.52 501.26 510.65 499.81 526.6 524.13 544.15 535.72 542.61 524.34 529.56 512.41 522.03 512.44 523.3 518.41 530.48 529.65 551.68 571.73 588 638.59 659.08 734.02 754.76 840.5 858.62 937.26 950.29 1000.7 1011.8 1062.5 1075.9 1119.1 1150.7 1158.9 1183.1 1187.8 1206.8 1204.5 1217.9 1291.1 1337.4 1294.3 1232.4 1070.6 866.32 888.25 793.02 827.68 666.19 851.88 842.97 920.94 880.72 824.16 745.32 696.43 698.45 613.89 544.84 456.12 -999 -999 -999 -999 -999 -999 -999 -999 -999 -999 -999 -999 -999
559.72 560.39 548.08 559.92 558.4 577.18 574.94 590.65 571.36 574.1 554.44 555.91 543.49 548.95 542.42 546.18 549.11 555.13 573.29 591.41 626.59 655.94 707.76 749.94 809.73 855.08 912.52 954.82 1000.7 1030.4 1067.1 1097.4 1131.2 1167 1189.2 1205.2 1203.3 1206.7 1208 1212.7 1233.7 1298 1333.6 1278.9 1218.4 1035.5 852.74 835.99 763.93 693.01 556.04 642.83 771.46 755.17 798.98 777.04 710.42 736.82 748.96 707.82 591.23 546 -999 -999 -999 -999 -999 -999 -999 -999 -999 -999 -999 -999 -999
604.47 588.89 593.11 576.63 597.53 589.92 607.92 604.22 600.56 586.56 581.64 567.36 568.34 560.22 565.6 563.29 572.98 575.34 588.25 621.1 640.48 698.24 722.95 807.59 830.02 917.82 937.42 1019.8 1036.5 1105.9 1121.2 1184.4 1198.4 1228.8 1247.8 1252.4 1256.8 1198.5 1186.1 1222.5 1244.3 1294.2 1313.4 1268.9 1222.7 1095 1027.9 910.46 871.43 769.3 724.19 647.42 585.86 669.23 740.39 786.09 832.69 795.19 754.51 686.79 621.46 532.52 -999 -999 -999 -999 -999 -999 -999 -999 -999 -999 -999 -999 -999
656.24 657.74 640.58 643.71 632.17 637.42 627.64 626.77 615.12 611.27 593.95 588.34 578.25 577.77 574.35 579.61 583.42 590.63 613.76 631.98 675.59 708.39 769.42 814.69 879.76 925.74 986.55 1030.8 1087.6 1130.1 1180.3 1218.9 1256.3 1286.5 1301.6 1310.4 1284.5 1236.2 1203 1239.3 1244.3 1253.1 1280 1227.3 1221.3 1176.1 1079.7 1052.8 904.71 906.75 780.49 672.95 506.63 600.37 732 786.85 895.2 829.28 737.34 687.96 594.65 563.45 -999 -999 -999 -999 -999 -999 -999 -999 -999 -999 -999 -999 -999
694.73 686.3 680.84 666.75 663.89 653.13 644.91 637.43 624.98 618.67 603.45 594.05 588.97 583.52 586 585.07 597.8 607.68 623.4 658.42 685.46 752.21 781.93 871.01 897.48 985.83 1006.9 1094.3 1115.4 1217 1231.8 1305 1327.3 1373.1 1387.8 1384.7 1374.2 1282.8 1260.9 1264.5 1260.2 1151.9 1088.2 1185.1 1224.9 1283.3 1352.9 1216.9 1201.7 1050.1 995.71 768.48 -999 629.73 695.52 766.47 813.24 782.6 721.43 664.7 634.12 557.21 -999 -999 -999 -999 -999 -999 -999 -999 -999 -999 -999 -999 -999
732.64 731.55 713.29 703.99 681.24 667.12 648.49 632.86 622.81 609.73 602.47 592.81 590.89 589.96 590 594.7 603.46 611.86 643.06 663.81 717.76 754.35 825.78 874.37 945.49 992.08 1056.5 1102.3 1170.9 1229.5 1294.3 1344.8 1383.3 1412.3 1406.4 1392.6 1367.5 1304.3 1274.9 1272.7 1221 1048.4 1019.5 1044.7 1186.2 1257.4 1402.6 1311.6 1269.3 1165.5 1070.9 842.86 -999 -999 686.35 700.78 797.29 729.59 670.67 646.74 634.91 592.64 -999 -999 -999 -999 -999 -999 -999 -999 -999 -999 -999 -999 -999
746 742.11 722.58 713.5 682.36 676.05 641.06 634.9 612.16 609.71 595.15 593.61 590.58 592.18 593.88 597.65 610.66 623.31 647.92 690.73 728.06 797.41 839.4 935.26 965.51 1056.2 1080.1 1167.9 1197.4 1313 1336.5 1427.2 1443.5 1451.8 1433.2 1327.2 1298 1320 1307 1244.7 1152.7 897.82 744.76 813.94 850.69 1085.6 1170 1284.4 1287.7 1168 1037.5 857.55 695.98 640.76 -999 642.39 657.31 668.46 653.7 -999 -999 -999 -999 -999 -999 -999 -999 -999 -999 -999 -999 -999 -999 -999 -999
731.69 720.92 700.45 679.78 661.45 638.66 624.07 604.82 597.96 586.89 586.12 583.37 586.29 589.29 591.47 599.88 611.49 630.66 664.6 689.81 755.86 796.11 880.8 934.82 1016.3 1065 1138 1184.1 1264.1 1329.5 1404.5 1464.9 1494.6 1492.6 1460.3 1363.9 1320.7 1336.1 1299.3 1216.4 1125.5 818.67 692.58 677.32 699.72 935.44 1112.3 1195.7 1320.2 1117.7 1028.8 911.35 714.78 728.63 -999 638.75 592.58 621.36 -999 -999 -999 -999 -999 -999 -999 -999 -999 -999 -999 -999 -999 -999 -999 -999 -999
712.61 701.46 669.69 660.69 628.2 627.57 595.55 594.48 576.9 576 572.46 575.12 581.47 585.26 589.46 591.21 613.12 633.12 671.31 717.83 767.28 843.53 897.46 1001.4 1041.4 1145.2 1174.6 1280 1312 1439.3 1463.6 1555.2 1562.4 1561.4 1533.5 1490.1 1446 1349.3 1285.2 1152.5 1026.7 881.82 760.66 653.06 655.53 825.31 965.95 1049 1061.6 1047.1 1014.6 1038.1 1101 950.77 906.4 764.1 712.36 658.11 632.95 -999 -999 -999 -999 -999 -999 -999 -999 -999 -999 -999 -999 -999 -999 -999 -999
664.37 644.61 622.85 602.26 590.51 575.94 574.22 567.29 567.78 565.49 565.86 567.65 572.58 579.79 584.96 599 615.32 639.69 681.83 726.64 790.27 856.28 932.37 991.48 1084.4 1142.6 1228.7 1286.1 1382.7 1457.6 1546.9 1607 1660.5 1650.9 1644.2 1586.9 1501 1369.7 1259.7 1090.5 1020.7 891.17 832.46 713.37 615.67 813.45 862.98 863.13 957.09 884.26 966.11 1135.9 1320.2 1165.9 1075.5 902.68 759.46 684.84 609.05 568.53 -999 -999 -999 -999 -999 -999 -999 -999 -999 -999 -999 -999 -999 -999 -999
625.93 610.62 579.09 577.49 549.82 552.16 550.71 551.89 555.81 558.16 557.4 557.88 566.62 569.94 585.2 591.43 619.23 641.67 689.12 736.43 802.17 883.76 947.99 1047.2 1103.3 1210.3 1257.1 1373.4 1428 1589.7 1625 1746.3 1784.3 1902 1854.7 1745.7 1612.3 1345.3 1187.1 1012.6 927.05 964.16 961.22 961.21 958.6 840.74 763.65 660.5 585.48 718.01 867.96 1053.7 1197.9 1107.3 969.64 850.57 773 -999 608.89 -999 -999 -999 -999 -999 -999 -999 -999 -999 -999 -999 -999 -999 -999 -999 -999
581.84 563.85 548.75 534.63 526.12 520.25 522.33 526.15 534.52 540.86 544.19 549.63 556.1 568.81 581.2 604.28 624.7 663.54 698.04 744.69 816.83 889.24 968.83 1051.1 1126.9 1213.2 1289.5 1363.6 1482.6 1590.5 1709 1800.6 1913.6 2007.2 1999.6 1850.9 1683.8 1335.2 1141.9 905.32 845.54 915.74 990.7 1036.6 1089.6 792.78 739.92 419.58 343.29 538.47 693.15 913.41 1178.4 927.86 890.86 -999 -999 -999 -999 -999 -999 -999 -999 -999 -999 -999 -999 -999 -999 -999 -999 -999 -999 -999 -999
549.59 535.54 521.53 517.39 502.94 501.05 502.59 503.62 520.69 524.51 534.35 536.29 550.86 555 586.61 599.55 633.11 658.19 707.42 750.59 826.24 901.93 977.47 1067 1133.4 1225.5 1298.6 1421.8 1507.9 1684.8 1766.2 1945.6 2032.2 2189.1 2145.9 2048.3 1790.6 1345 1044.8 733.64 613.08 640.82 687.43 791.5 754.14 611.95 419.62 348.86 -999 469.45 628.71 710.87 767.14 728.99 -999 -999 -999 -999 -999 -999 -999 -999 -999 -999 -999 -999 -999 -999 -999 -999 -999 -999 -999 -999 -999
522.95 510.93 503.75 496.08 490.34 487.15 488.1 493.66 502.64 514.41 523.91 535.94 544.36 561.66 580.81 612.03 638.52 681.35 719.2 762.72 841.01 909.24 992.57 1069.8 1145.9 1228.2 1310.5 1423.4 1528.4 1692.6 1808.3 1977.1 2117.1 2268.1 2283.8 2145.3 1973.8 1375.2 1160.6 691.1 547.69 534.93 524.58 621.87 654.21 371.38 307.74 -999 -999 450.01 516.66 525.11 472.56 -999 -999 -999 -999 -999 -999 -999 -999 -999 -999 -999 -999 -999 -999 -999 -999 -999 -999 -999 -999 -999 -999
501.8 495.39 489.54 487.9 478.92 478.22 479 480.06 494.57 497.65 523.16 528.16 546.86 551.06 584.85 601.81 649.27 679.22 734.48 779.7 857.41 929.74 1004.6 1083.9 1153.1 1235.8 1311.7 1413.1 1526.3 1694.5 1815.6 1978.5 2154 2384.2 2396.5 2377.4 2157.9 1921.5 1557 1199 916.66 691.88 583.6 532.28 453.19 326.88 -999 -999 -999 -999 -999 -999 -999 -999 -999 -999 -999 -999 -999 -999 -999 -999 -999 -999 -999 -999 -999 -999 -999 -999 -999 -999 -999 -999 -999
499.1 490.38 486.22 481.94 478.97 477.48 478.1 483.04 490.41 504.71 520.4 538.34 550.04 568.98 590.68 622.37 656.66 703.21 747.54 791.28 872.45 935.57 1015.2 1085.1 1156.8 1234.8 1308.7 1410.4 1519.2 1691.5 1803 2014.6 2155.1 2453 2473.6 2444.4 2396.7 2070.6 1960 1341.5 1205 745.88 659.5 501.37 442.87 -999 -999 -999 -999 -999 -999 -999 -999 -999 -999 -999 -999 -999 -999 -999 -999 -999 -999 -999 -999 -999 -999 -999 -999 -999 -999 -999 -999 -999 -999
490.95 489.11 481.81 481.09 477.56 477.67 479.73 481.46 495.83 500.16 533.5 540.72 568.29 575.77 605.13 624.91 671.95 702.03 765.4 811.42 888.66 951.94 1022.9 1086.4 1155.5 1221.5 1301.9 1390.1 1508.9 1652.4 1784.1 1953 2133.3 2338.7 2448.5 2503.9 2461.5 2431.6 2132.7 1761.9 1386.8 1101.1 883.52 795.91 683.52 578.19 485.81 444.6 -999 -999 -999 -999 -999 -999 -999 -999 -999 -999 -999 -999 -999 -999 -999 -999 -999 -999 -999 -999 -999 -999 -999 -999 -999 -999 -999
493.83 487.88 484.01 481.45 480.84 483 486.4 494.96 504.39 520.37 537.46 558.34 576.35 598.79 622.04 650.22 686.06 727.54 777.89 836.57 901.36 957.01 1031.3 1088 1153.1 1218.5 1290.5 1384.7 1483.3 1641.1 1742.2 1936.1 2069.1 2362.9 2407.6 2529.8 2520.3 2529.6 2344.2 1761.5 1616.5 1150.2 1084 954.61 923.65 712.23 676.01 554.11 513.5 -999 -999 -999 -999 -999 -999 -999 -999 -999 -999 -999 -999 -999 -999 -999 -999 -999 -999 -999 -999 -999 -999 -999 -999 -999 -999
491.97 489.33 483.19 483.71 484.59 487.9 498.52 503.15 526.69 532.29 560.89 568.04 599.41 617.69 647.9 671.32 707.65 734.99 795.2 836.7 916.38 973.94 1040.3 1094 1151.1 1200.8 1279.9 1353.4 1459.4 1563.3 1708.9 1866.5 2036.1 2182.9 2347.1 2449.3 2461.2 2400.5 2141.9 1800.2 1486.6 1294.3 1097.2 1000.8 896.16 828.28 765.78 740.6 667.84 -999 -999 -999 -999 -999 -999 -999 -999 -999 -999 -999 -999 -999 -999 -999 -999 -999 -999 -999 -999 -999 -999 -999 -999 -999 -999
490.94 489.02 489.88 495.13 500.53 508.17 513.43 526.63 539.92 559.43 576.53 600.11 624.64 649.59 676.39 699.38 731 760.13 808.7 857.64 925.9 977.39 1046.3 1094.6 1146.4 1196.3 1261.5 1344.7 1426 1543.6 1658.5 1850.9 1968.8 2188.2 2278.6 2458.3 2442 2314.7 2208.6 1619.8 1565.9 1267.9 1219.1 -999 -999 856.52 860.07 892.26 906.05 -999 -999 -999 -999 -999 -999 -999 -999 -999 -999 -999 -999 -999 -999 -999 -999 -999 -999 -999 -999 -999 -999 -999 -999 -999 -999
485.38 488.51 496.97 502.99 524.9 528.14 539.56 545.71 574.02 582.55 622.62 633.13 667.46 690.17 717.85 739.37 760.4 782.12 824.54 857.41 935.95 986.24 1048.9 1091.2 1139.8 1175.2 1242.4 1297.2 1405.6 1505.3 1633.9 1767.5 1948.3 2112.2 2284.1 2390.9 2471.9 2530.4 2322.1 2086.6 1824 1674.9 1444.8 1244.9 1051.4 941.26 866.17 876.73 844.74 -999 -999 -999 -999 -999 -999 -999 -999 -999 -999 -999 -999 -999 -999 -999 -999 -999 -999 -999 -999 -999 -999 -999 -999 -999 -999
490.23 492.77 500.2 520.89 537.4 554.78 561.38 579.24 593.91 620.4 644.37 672.6 699.26 721.53 746.56 762.58 783.33 801.24 838.49 873.5 941.49 986.68 1047.7 1089.5 1128.6 1168.4 1215.3 1280.2 1368.2 1494.2 1578.3 1730.8 1881.8 2162.7 2239 2419.3 2508.7 2689.4 2585.6 2260.5 2188 1924.1 1843.6 1427.7 1350.9 950.43 897.52 -999 -999 828.86 829.38 -999 -999 -999 -999 -999 -999 -999 -999 -999 -999 -999 -999 -999 -999 -999 -999 -999 -999 -999 -999 -999 -999 -999 -999
485.6 497.31 511.92 530.19 572.96 581.39 604.92 606.02 646.65 651.71 711.46 715.78 750.07 764.31 780.98 794.04 805.84 822.95 852.57 885.99 942.18 990.84 1040.4 1072.4 1112.3 1132.9 1187.9 1224.3 1329.7 1408.3 1532.9 1641 1839.3 1988 2200.2 2319.2 2518.3 2663.1 2677.4 2627.3 2509.6 2417.1 2231.2 2043.8 1724.2 1411.2 1127 1001.5 -999 880.44 802.05 -999 -999 -999 -999 -999 -999 -999 -999 -999 -999 -999 -999 -999 -999 -999 -999 -999 -999 -999 -999 -999 -999 -999 -999
518.4 526.13 534.07 566.25 589.19 618.37 630.06 658.36 675.22 709.27 737.12 763.67 783.93 796.99 809.23 815.73 828.26 838.59 870.23 893.61 951.83 980.42 1040.8 1070.3 1103.1 1124.1 1164.3 1203.6 1285.4 1380.5 1465.2 1596.7 1742.5 1995.4 2101.7 2338.3 2446.9 2745.9 2768.6 2873.1 2814.9 2807.3 2729 2558.4 2396.4 1728.4 1600.7 1165.8 1087.7 -999 -999 -999 -999 -999 -999 -999 -999 -999 -999 -999 -999 -999 -999 -999 -999 -999 -999 -999 -999 -999 -999 -999 -999 -999 -999
548.47 548.21 575.99 588.92 644.49 647.74 694.99 697.92 759.16 760.76 809.39 817.23 836.26 841.47 846.19 851.59 856.88 869.82 892.69 921.75 962.77 1004.1 1042.1 1078.8 1101.6 1129.5 1152.1 1177.9 1257.4 1318 1423.4 1510.2 1688.5 1806.2 2048.3 2186.4 2430.2 2586 2706.4 2747.8 2801.7 2834.5 2786.9 2697.7 2492.4 2214.9 1898.3 1600.5 1282.9 1089.6 -999 -999 -999 -999 -999 -999 -999 -999 -999 -999 -999 -999 -999 -999 -999 -999 -999 -999 -999 -999 -999 -999 -999 -999 -999
596.01 612.82 617 656.01 675.1 716.23 730.36 771.93 792.2 829.72 851.31 872.15 877.56 882.7 882.06 881.44 886.59 889.85 916.11 931.6 980.73 999.42 1057 1074 1113.9 1122.2 1154.8 1163.5 1243.9 1293.2 1383.8 1461.8 1606.2 1781.6 1928.1 2182.7 2300.1 2578.7 2581.9 2640.8 2690 2865.3 2819 2732.4 2703.7 2653.6 2528.2 1977.2 1817.9 1197.7 1054.8 -999 -999 -999 -999 -999 -999 -999 -999 -999 -999 -999 -999 -999 -999 -999 -999 -999 -999 -999 -999 -999 -999 -999 -999
