Input/Ta and c maps/T_avg_1979-2014_MAR.asc
ncols 301
nrows 561
xllcorner -802.5
yllcorner -3402.5
cellsize 5
nodata_value -999
[rows 330 to 359 of 561, columns 67 to 133 of 301]
-7.1551 -6.7316 -6.3742 -6.2988 -6.0805 -6.0155 -5.6803 -5.7585 -6.5851 -6.8985 -8.5648 -8.8862 -9.9557 -10.166 -10.848 -11.018 -11.646 -11.931 -12.611 -12.926 -13.517 -13.79 -14.19 -14.44 -14.893 -15.168 -15.548 -15.822 -16.208 -16.491 -16.783 -17.022 -17.211 -17.408 -17.57 -17.763 -17.942 -18.135 -18.27 -18.429 -18.559 -18.739 -18.9 -19.112 -19.251 -19.443 -19.564 -19.74 -19.854 -20.032 -20.151 -20.32 -20.383 -20.516 -20.633 -20.832 -20.968 -21.134 -21.257 -21.374 -21.458 -21.557 -21.649 -21.758 -21.846 -21.953 -22.056
-7.457 -7.1665 -6.6287 -6.3448 -6.0435 -5.8874 -5.8762 -6.3494 -7.0101 -7.7981 -8.4479 -9.1659 -9.7564 -10.372 -10.823 -11.314 -11.736 -12.152 -12.611 -13.01 -13.474 -13.816 -14.157 -14.43 -14.832 -15.107 -15.484 -15.757 -16.18 -16.444 -16.817 -17.013 -17.256 -17.364 -17.583 -17.687 -17.92 -18.041 -18.226 -18.323 -18.558 -18.627 -18.907 -18.997 -19.229 -19.297 -19.574 -19.678 -19.86 -19.928 -20.119 -20.193 -20.353 -20.418 -20.615 -20.716 -20.948 -21.075 -21.233 -21.318 -21.424 -21.478 -21.621 -21.71 -21.819 -21.891 -22.031
-7.5133 -7.315 -6.7398 -6.5164 -5.7722 -5.8015 -6.1614 -6.5472 -8.2732 -8.4487 -8.9291 -9.1296 -10.094 -10.357 -11.328 -11.534 -12.173 -12.419 -12.813 -13.075 -13.596 -13.863 -14.24 -14.478 -14.796 -15.048 -15.408 -15.701 -16.107 -16.432 -16.797 -17.07 -17.269 -17.44 -17.539 -17.685 -17.85 -18.032 -18.184 -18.362 -18.499 -18.678 -18.812 -18.997 -19.134 -19.332 -19.484 -19.678 -19.778 -19.924 -20.018 -20.175 -20.288 -20.467 -20.595 -20.777 -20.912 -21.089 -21.181 -21.295 -21.387 -21.478 -21.589 -21.696 -21.779 -21.878 -21.999
-7.8834 -7.2936 -6.75 -6.2575 -5.9578 -6.3045 -6.9352 -7.8358 -8.5861 -9.1718 -9.3681 -9.8443 -10.338 -10.918 -11.433 -11.898 -12.302 -12.619 -12.893 -13.206 -13.635 -13.941 -14.272 -14.496 -14.791 -15.013 -15.388 -15.646 -16.109 -16.37 -16.827 -17.039 -17.312 -17.421 -17.547 -17.608 -17.837 -17.941 -18.209 -18.292 -18.542 -18.614 -18.829 -18.886 -19.151 -19.229 -19.492 -19.576 -19.764 -19.823 -19.972 -20.02 -20.285 -20.406 -20.625 -20.749 -20.912 -21.001 -21.152 -21.224 -21.377 -21.464 -21.574 -21.64 -21.746 -21.809 -21.979
-7.8961 -7.5419 -6.3876 -6.3399 -5.9389 -6.5079 -8.4111 -8.6424 -9.6485 -9.7728 -10.283 -10.442 -11.299 -11.409 -12.059 -12.17 -12.584 -12.753 -13.046 -13.271 -13.78 -14.018 -14.318 -14.512 -14.769 -14.997 -15.354 -15.658 -16.064 -16.395 -16.731 -17.012 -17.259 -17.44 -17.545 -17.661 -17.759 -17.909 -18.067 -18.263 -18.438 -18.631 -18.759 -18.934 -19.072 -19.255 -19.383 -19.555 -19.67 -19.829 -19.932 -20.096 -20.249 -20.453 -20.602 -20.78 -20.876 -21.007 -21.096 -21.236 -21.345 -21.459 -21.556 -21.634 -21.721 -21.804 -21.956
-7.9382 -7.5475 -7.1731 -7.0364 -7.1456 -7.8561 -8.6613 -9.4387 -9.8516 -10.287 -10.529 -10.991 -11.415 -11.848 -12.151 -12.425 -12.651 -12.89 -13.129 -13.445 -13.855 -14.125 -14.385 -14.568 -14.811 -14.998 -15.373 -15.617 -16.096 -16.332 -16.738 -16.924 -17.267 -17.396 -17.565 -17.628 -17.759 -17.798 -18.061 -18.129 -18.462 -18.544 -18.789 -18.857 -19.106 -19.166 -19.366 -19.417 -19.656 -19.726 -19.964 -20.065 -20.272 -20.377 -20.616 -20.724 -20.856 -20.911 -21.066 -21.135 -21.335 -21.438 -21.551 -21.616 -21.715 -21.784 -21.942
-7.8993 -7.7395 -7.4918 -7.6586 -8.4295 -8.6196 -9.6699 -9.8225 -10.514 -10.629 -11.13 -11.27 -11.983 -12.093 -12.585 -12.626 -12.759 -12.932 -13.401 -13.626 -14.068 -14.272 -14.549 -14.708 -14.918 -15.1 -15.338 -15.629 -16.05 -16.361 -16.623 -16.887 -17.156 -17.367 -17.512 -17.631 -17.707 -17.831 -17.974 -18.169 -18.348 -18.551 -18.688 -18.876 -19.034 -19.204 -19.298 -19.442 -19.573 -19.762 -19.917 -20.119 -20.265 -20.442 -20.583 -20.735 -20.817 -20.929 -21.024 -21.158 -21.296 -21.424 -21.53 -21.612 -21.694 -21.776 -21.906
-7.4401 -7.5476 -7.6856 -8.2451 -8.7726 -9.3741 -9.7394 -10.232 -10.56 -10.973 -11.232 -11.667 -12.02 -12.36 -12.593 -12.767 -12.847 -13.095 -13.438 -13.758 -14.126 -14.365 -14.608 -14.763 -14.97 -15.126 -15.377 -15.594 -16.098 -16.294 -16.614 -16.765 -17.135 -17.269 -17.53 -17.582 -17.719 -17.762 -18.014 -18.075 -18.389 -18.453 -18.705 -18.762 -19.086 -19.16 -19.312 -19.349 -19.588 -19.654 -19.958 -20.049 -20.317 -20.431 -20.583 -20.654 -20.808 -20.87 -21.009 -21.074 -21.279 -21.374 -21.517 -21.583 -21.667 -21.71 -21.863
-7.0406 -7.3643 -7.9472 -8.5024 -9.5906 -9.7439 -10.176 -10.382 -10.959 -11.117 -11.672 -11.842 -12.433 -12.509 -12.769 -12.841 -13.116 -13.225 -13.546 -13.796 -14.249 -14.434 -14.632 -14.779 -14.97 -15.157 -15.435 -15.694 -16.005 -16.267 -16.485 -16.711 -16.916 -17.143 -17.355 -17.525 -17.635 -17.789 -17.953 -18.159 -18.34 -18.541 -18.68 -18.859 -19.004 -19.17 -19.274 -19.414 -19.535 -19.712 -19.884 -20.097 -20.269 -20.453 -20.559 -20.686 -20.794 -20.904 -20.993 -21.108 -21.257 -21.402 -21.508 -21.583 -21.652 -21.703 -21.831
-7.1716 -7.9224 -8.6392 -9.4427 -9.9011 -10.289 -10.419 -10.729 -10.963 -11.355 -11.646 -12.061 -12.381 -12.648 -12.788 -12.959 -13.105 -13.302 -13.543 -13.872 -14.283 -14.504 -14.666 -14.799 -14.995 -15.177 -15.501 -15.695 -16.046 -16.198 -16.479 -16.604 -16.897 -16.988 -17.361 -17.434 -17.647 -17.707 -18.018 -18.093 -18.44 -18.511 -18.776 -18.832 -19.031 -19.08 -19.327 -19.386 -19.582 -19.633 -19.928 -20.006 -20.277 -20.373 -20.576 -20.657 -20.823 -20.895 -20.999 -21.058 -21.269 -21.373 -21.523 -21.597 -21.649 -21.686 -21.819
-7.2554 -8.2218 -9.8534 -10.049 -10.687 -10.696 -10.884 -10.923 -11.211 -11.415 -11.905 -12.111 -12.581 -12.701 -13.002 -13.043 -13.176 -13.301 -13.615 -13.88 -14.451 -14.608 -14.721 -14.845 -15.029 -15.238 -15.532 -15.77 -16.011 -16.227 -16.421 -16.632 -16.84 -17.065 -17.27 -17.467 -17.605 -17.784 -17.945 -18.169 -18.37 -18.583 -18.724 -18.872 -18.965 -19.113 -19.259 -19.432 -19.557 -19.723 -19.881 -20.061 -20.221 -20.393 -20.528 -20.673 -20.786 -20.906 -20.985 -21.095 -21.252 -21.396 -21.514 -21.614 -21.656 -21.691 -21.823
-7.9755 -9.1553 -9.95 -10.587 -10.79 -10.913 -10.927 -11.115 -11.26 -11.612 -11.869 -12.219 -12.482 -12.74 -12.942 -13.078 -13.156 -13.372 -13.589 -13.988 -14.484 -14.664 -14.753 -14.882 -15.072 -15.274 -15.606 -15.789 -16.073 -16.215 -16.477 -16.607 -16.926 -17.017 -17.345 -17.416 -17.675 -17.737 -18.005 -18.078 -18.461 -18.531 -18.784 -18.828 -18.976 -19.02 -19.297 -19.364 -19.644 -19.712 -19.948 -20.009 -20.222 -20.3 -20.52 -20.595 -20.758 -20.831 -20.993 -21.086 -21.242 -21.345 -21.507 -21.6 -21.677 -21.747 -21.837
-8.9841 -9.8586 -10.749 -10.801 -11.106 -11.019 -10.994 -11.17 -11.533 -11.704 -12.09 -12.245 -12.53 -12.699 -12.958 -13.06 -13.242 -13.426 -13.875 -14.11 -14.55 -14.694 -14.785 -14.927 -15.146 -15.367 -15.647 -15.877 -16.105 -16.302 -16.481 -16.704 -16.933 -17.151 -17.32 -17.516 -17.68 -17.84 -17.946 -18.149 -18.357 -18.574 -18.714 -18.853 -18.936 -19.073 -19.218 -19.407 -19.577 -19.758 -19.893 -20.047 -20.182 -20.334 -20.476 -20.616 -20.729 -20.847 -20.975 -21.095 -21.223 -21.343 -21.481 -21.595 -21.677 -21.755 -21.854
-9.5491 -10.085 -10.473 -10.866 -11.014 -11.118 -11.122 -11.339 -11.5 -11.794 -12.001 -12.292 -12.487 -12.737 -12.913 -13.13 -13.26 -13.587 -13.928 -14.225 -14.619 -14.756 -14.85 -15.015 -15.249 -15.44 -15.763 -15.911 -16.193 -16.33 -16.575 -16.728 -17.06 -17.141 -17.418 -17.495 -17.796 -17.838 -17.981 -18.047 -18.426 -18.493 -18.758 -18.803 -18.968 -19.011 -19.241 -19.304 -19.621 -19.69 -19.919 -19.978 -20.2 -20.277 -20.481 -20.57 -20.748 -20.836 -20.976 -21.063 -21.219 -21.316 -21.453 -21.543 -21.673 -21.763 -21.866
-10.058 -10.275 -10.557 -10.818 -11.048 -11.162 -11.346 -11.431 -11.632 -11.803 -12.048 -12.291 -12.649 -12.773 -12.991 -13.19 -13.591 -13.745 -14.124 -14.324 -14.715 -14.831 -15.028 -15.171 -15.389 -15.582 -15.808 -15.994 -16.152 -16.384 -16.63 -16.86 -17.054 -17.265 -17.432 -17.614 -17.752 -17.871 -17.929 -18.098 -18.29 -18.506 -18.658 -18.816 -18.917 -19.054 -19.177 -19.348 -19.522 -19.704 -19.847 -20.013 -20.163 -20.317 -20.457 -20.602 -20.751 -20.874 -20.987 -21.08 -21.21 -21.307 -21.421 -21.521 -21.647 -21.753 -21.865
-10.004 -10.202 -10.572 -10.757 -11.022 -11.224 -11.396 -11.514 -11.633 -11.844 -12.087 -12.36 -12.645 -12.87 -13.06 -13.349 -13.638 -13.89 -14.159 -14.417 -14.738 -14.929 -15.131 -15.304 -15.511 -15.674 -15.917 -16.033 -16.223 -16.412 -16.773 -16.933 -17.169 -17.259 -17.544 -17.595 -17.822 -17.851 -17.935 -18 -18.318 -18.388 -18.682 -18.736 -18.947 -18.995 -19.206 -19.261 -19.523 -19.59 -19.862 -19.934 -20.193 -20.29 -20.481 -20.582 -20.817 -20.92 -21.031 -21.106 -21.208 -21.28 -21.379 -21.457 -21.603 -21.704 -21.842
-9.7656 -10.13 -10.392 -10.736 -11.017 -11.254 -11.503 -11.543 -11.611 -11.865 -12.178 -12.403 -12.713 -12.945 -13.32 -13.484 -13.818 -13.977 -14.274 -14.486 -14.847 -15.016 -15.315 -15.424 -15.6 -15.77 -15.946 -16.101 -16.236 -16.53 -16.861 -17.085 -17.221 -17.358 -17.448 -17.62 -17.771 -17.886 -17.936 -18.064 -18.2 -18.396 -18.563 -18.746 -18.876 -19.032 -19.156 -19.323 -19.476 -19.654 -19.816 -19.986 -20.151 -20.31 -20.46 -20.618 -20.806 -20.936 -21.032 -21.114 -21.207 -21.282 -21.374 -21.445 -21.582 -21.675 -21.82
-9.4917 -9.793 -10.294 -10.54 -10.903 -11.162 -11.423 -11.55 -11.68 -11.959 -12.223 -12.532 -12.775 -13.09 -13.356 -13.604 -13.838 -14.053 -14.294 -14.555 -14.872 -15.096 -15.361 -15.514 -15.692 -15.838 -16.033 -16.151 -16.326 -16.572 -17.06 -17.163 -17.332 -17.363 -17.449 -17.53 -17.839 -17.865 -17.981 -18.018 -18.206 -18.285 -18.579 -18.649 -18.905 -18.965 -19.209 -19.277 -19.563 -19.631 -19.888 -19.966 -20.159 -20.26 -20.491 -20.604 -20.815 -20.91 -21.023 -21.092 -21.22 -21.297 -21.407 -21.485 -21.559 -21.642 -21.774
-8.9695 -9.6354 -9.935 -10.433 -10.701 -11.089 -11.326 -11.554 -11.751 -12.043 -12.388 -12.65 -13.014 -13.202 -13.496 -13.662 -13.9 -14.09 -14.358 -14.603 -14.947 -15.152 -15.438 -15.573 -15.777 -15.905 -16.068 -16.219 -16.343 -16.662 -16.97 -17.184 -17.27 -17.346 -17.378 -17.528 -17.676 -17.833 -17.924 -18.079 -18.209 -18.384 -18.522 -18.696 -18.835 -19.016 -19.167 -19.355 -19.519 -19.693 -19.847 -19.993 -20.128 -20.276 -20.453 -20.607 -20.776 -20.899 -21.004 -21.102 -21.227 -21.316 -21.433 -21.493 -21.559 -21.613 -21.75
-8.8898 -9.3485 -10.013 -10.306 -10.797 -11.078 -11.383 -11.666 -11.847 -12.202 -12.456 -12.805 -13.053 -13.314 -13.514 -13.745 -13.93 -14.169 -14.379 -14.665 -14.966 -15.196 -15.46 -15.604 -15.797 -15.942 -16.15 -16.264 -16.429 -16.667 -17.095 -17.158 -17.287 -17.304 -17.355 -17.435 -17.661 -17.732 -17.947 -18.036 -18.345 -18.397 -18.586 -18.645 -18.872 -18.953 -19.261 -19.347 -19.592 -19.676 -19.903 -19.976 -20.137 -20.235 -20.445 -20.554 -20.737 -20.838 -21.007 -21.102 -21.256 -21.348 -21.465 -21.526 -21.547 -21.599 -21.702
-8.3912 -9.4011 -9.8149 -10.315 -10.606 -11.165 -11.565 -11.802 -12.066 -12.35 -12.683 -12.924 -13.216 -13.381 -13.59 -13.816 -14.098 -14.256 -14.494 -14.725 -15.026 -15.226 -15.458 -15.612 -15.79 -15.961 -16.174 -16.3 -16.418 -16.721 -16.976 -17.143 -17.188 -17.283 -17.352 -17.471 -17.564 -17.747 -17.891 -18.126 -18.307 -18.475 -18.564 -18.711 -18.838 -19.038 -19.218 -19.403 -19.546 -19.706 -19.858 -20 -20.123 -20.259 -20.42 -20.556 -20.709 -20.832 -20.987 -21.097 -21.247 -21.344 -21.47 -21.526 -21.544 -21.579 -21.691
-8.6694 -9.2208 -9.9289 -10.228 -10.718 -11.082 -11.597 -11.813 -12.088 -12.423 -12.701 -13.015 -13.242 -13.481 -13.632 -13.918 -14.126 -14.343 -14.516 -14.787 -15.043 -15.238 -15.458 -15.59 -15.784 -15.954 -16.194 -16.331 -16.489 -16.715 -17.067 -17.078 -17.159 -17.236 -17.401 -17.445 -17.564 -17.68 -17.969 -18.084 -18.437 -18.48 -18.624 -18.688 -18.919 -19.027 -19.325 -19.404 -19.586 -19.675 -19.901 -19.983 -20.167 -20.26 -20.437 -20.539 -20.714 -20.815 -20.966 -21.064 -21.196 -21.295 -21.438 -21.503 -21.538 -21.587 -21.679
-8.4431 -9.4225 -9.7696 -10.245 -10.487 -11.062 -11.351 -11.814 -12.075 -12.463 -12.739 -13.078 -13.358 -13.579 -13.819 -14.006 -14.232 -14.401 -14.606 -14.834 -15.084 -15.239 -15.386 -15.56 -15.732 -15.949 -16.187 -16.373 -16.591 -16.756 -16.889 -17.016 -17.054 -17.228 -17.368 -17.513 -17.59 -17.776 -17.926 -18.174 -18.359 -18.523 -18.604 -18.749 -18.875 -19.071 -19.252 -19.425 -19.551 -19.714 -19.869 -20.015 -20.152 -20.282 -20.425 -20.546 -20.694 -20.801 -20.941 -21.034 -21.163 -21.254 -21.409 -21.478 -21.526 -21.579 -21.692
-8.5243 -9.1223 -9.8503 -10.186 -10.645 -10.97 -11.422 -11.739 -12.176 -12.47 -12.76 -13.137 -13.386 -13.675 -13.852 -14.075 -14.241 -14.451 -14.624 -14.87 -15.093 -15.227 -15.368 -15.521 -15.71 -15.917 -16.189 -16.376 -16.654 -16.723 -16.886 -16.922 -17.014 -17.185 -17.452 -17.52 -17.687 -17.777 -18.024 -18.137 -18.443 -18.503 -18.661 -18.741 -18.928 -19.041 -19.285 -19.39 -19.613 -19.712 -19.944 -20.022 -20.175 -20.271 -20.444 -20.536 -20.667 -20.762 -20.896 -20.988 -21.1 -21.198 -21.326 -21.412 -21.508 -21.588 -21.7
-8.0071 -9.2082 -9.5899 -10.276 -10.578 -10.978 -11.175 -11.755 -12.044 -12.523 -12.812 -13.218 -13.508 -13.752 -13.958 -14.101 -14.24 -14.479 -14.69 -14.875 -15.037 -15.214 -15.358 -15.502 -15.641 -15.89 -16.125 -16.341 -16.511 -16.659 -16.737 -16.89 -16.975 -17.211 -17.378 -17.577 -17.679 -17.874 -18.004 -18.232 -18.389 -18.562 -18.657 -18.804 -18.91 -19.089 -19.242 -19.425 -19.576 -19.752 -19.913 -20.049 -20.165 -20.283 -20.425 -20.533 -20.654 -20.755 -20.885 -20.971 -21.086 -21.163 -21.3 -21.372 -21.496 -21.569 -21.716
-7.8182 -8.6115 -9.5733 -10.085 -10.669 -10.941 -11.329 -11.715 -12.17 -12.524 -12.915 -13.226 -13.498 -13.777 -13.969 -14.131 -14.244 -14.505 -14.702 -14.869 -15.02 -15.186 -15.359 -15.461 -15.599 -15.826 -16.119 -16.254 -16.469 -16.565 -16.707 -16.857 -17.015 -17.225 -17.456 -17.568 -17.768 -17.877 -18.114 -18.241 -18.481 -18.572 -18.759 -18.829 -18.994 -19.096 -19.324 -19.423 -19.647 -19.749 -19.982 -20.053 -20.189 -20.276 -20.409 -20.51 -20.665 -20.761 -20.897 -20.983 -21.089 -21.17 -21.259 -21.348 -21.452 -21.553 -21.67
-6.7904 -8.5427 -8.9817 -10.138 -10.529 -11.01 -11.243 -11.785 -12.057 -12.585 -12.858 -13.217 -13.416 -13.78 -13.984 -14.157 -14.287 -14.512 -14.681 -14.843 -14.956 -15.145 -15.273 -15.412 -15.512 -15.753 -15.942 -16.178 -16.349 -16.536 -16.705 -16.895 -17.04 -17.29 -17.432 -17.644 -17.756 -17.956 -18.077 -18.298 -18.44 -18.616 -18.719 -18.865 -18.966 -19.134 -19.274 -19.449 -19.597 -19.773 -19.937 -20.066 -20.175 -20.28 -20.397 -20.519 -20.668 -20.779 -20.91 -20.991 -21.1 -21.16 -21.255 -21.317 -21.446 -21.515 -21.667
-6.9427 -7.9654 -9.1455 -9.9116 -10.652 -10.978 -11.393 -11.803 -12.232 -12.62 -12.958 -13.214 -13.463 -13.742 -13.966 -14.14 -14.286 -14.499 -14.672 -14.805 -14.933 -15.097 -15.253 -15.362 -15.471 -15.694 -15.881 -16.117 -16.305 -16.519 -16.696 -16.941 -17.183 -17.358 -17.539 -17.654 -17.851 -17.973 -18.155 -18.305 -18.54 -18.623 -18.763 -18.858 -19.026 -19.131 -19.324 -19.437 -19.646 -19.761 -19.975 -20.055 -20.195 -20.271 -20.403 -20.522 -20.709 -20.81 -20.932 -21.011 -21.097 -21.164 -21.234 -21.314 -21.409 -21.507 -21.61
-6.1933 -8.1689 -8.6272 -10.087 -10.555 -11.057 -11.298 -11.952 -12.247 -12.726 -12.961 -13.24 -13.394 -13.692 -13.838 -14.092 -14.215 -14.448 -14.572 -14.755 -14.856 -15.043 -15.161 -15.335 -15.471 -15.694 -15.903 -16.145 -16.371 -16.554 -16.745 -16.965 -17.196 -17.383 -17.509 -17.705 -17.802 -17.99 -18.098 -18.323 -18.468 -18.629 -18.717 -18.876 -18.989 -19.168 -19.295 -19.477 -19.616 -19.784 -19.935 -20.057 -20.166 -20.276 -20.397 -20.534 -20.715 -20.823 -20.946 -21.02 -21.111 -21.171 -21.247 -21.305 -21.416 -21.473 -21.606
-6.7052 -7.7929 -9.0013 -9.933 -10.716 -11.06 -11.476 -11.958 -12.388 -12.74 -13.029 -13.237 -13.431 -13.65 -13.812 -14.053 -14.203 -14.429 -14.556 -14.748 -14.841 -15.032 -15.132 -15.344 -15.46 -15.738 -15.899 -16.202 -16.417 -16.603 -16.756 -17.001 -17.214 -17.413 -17.6 -17.715 -17.844 -17.983 -18.138 -18.31 -18.515 -18.616 -18.74 -18.868 -19.056 -19.179 -19.389 -19.498 -19.702 -19.795 -19.957 -20.044 -20.189 -20.273 -20.427 -20.536 -20.713 -20.826 -20.946 -21.034 -21.133 -21.206 -21.29 -21.349 -21.4 -21.474 -21.549
