Input/Ta and c maps/T_avg_1979-2014_MAR.asc
ncols 301
nrows 561
xllcorner -802.5
yllcorner -3402.5
cellsize 5
nodata_value -999
[rows 120 to 149 of 561, columns 134 to 200 of 301]
-28.307 -28.36 -28.424 -28.477 -28.528 -28.585 -28.639 -28.677 -28.722 -28.706 -28.72 -28.708 -28.738 -28.78 -28.861 -28.894 -28.951 -28.968 -29.005 -29.037 -29.056 -29.031 -28.959 -28.882 -28.779 -28.728 -28.666 -28.637 -28.576 -28.503 -28.411 -28.349 -28.271 -28.22 -28.155 -28.087 -27.998 -27.871 -27.74 -27.593 -27.489 -27.426 -27.332 -27.192 -27.025 -26.767 -26.599 -26.416 -26.303 -26.158 -26.028 -25.774 -25.68 -25.473 -25.373 -25.182 -24.984 -24.681 -24.49 -24.187 -24.06 -23.774 -23.626 -23.316 -23.142 -22.906 -22.715
-28.364 -28.423 -28.474 -28.527 -28.577 -28.632 -28.691 -28.737 -28.774 -28.79 -28.761 -28.792 -28.763 -28.858 -28.897 -28.989 -29.03 -29.069 -29.099 -29.138 -29.174 -29.089 -29.07 -28.894 -28.838 -28.75 -28.729 -28.679 -28.672 -28.563 -28.538 -28.399 -28.362 -28.231 -28.19 -28.117 -28.066 -27.929 -27.833 -27.588 -27.5 -27.366 -27.297 -27.178 -27.033 -26.762 -26.605 -26.402 -26.31 -26.242 -26.09 -25.9 -25.744 -25.56 -25.404 -25.202 -24.977 -24.693 -24.528 -24.402 -24.199 -24.081 -23.792 -23.598 -23.222 -22.946 -22.733
-28.437 -28.48 -28.546 -28.567 -28.621 -28.655 -28.715 -28.759 -28.822 -28.838 -28.877 -28.862 -28.891 -28.911 -28.982 -29.026 -29.102 -29.129 -29.167 -29.174 -29.159 -29.109 -29.02 -28.934 -28.833 -28.788 -28.733 -28.703 -28.654 -28.601 -28.517 -28.425 -28.315 -28.219 -28.153 -28.12 -28.074 -27.989 -27.86 -27.665 -27.516 -27.391 -27.27 -27.163 -26.983 -26.756 -26.594 -26.417 -26.353 -26.277 -26.167 -25.937 -25.839 -25.592 -25.467 -25.211 -24.988 -24.68 -24.582 -24.452 -24.354 -24.164 -23.983 -23.692 -23.348 -22.939 -22.784
-28.481 -28.525 -28.567 -28.608 -28.635 -28.686 -28.721 -28.787 -28.842 -28.893 -28.931 -28.949 -28.943 -28.994 -29.007 -29.087 -29.134 -29.177 -29.221 -29.19 -29.186 -29.079 -29.04 -28.907 -28.871 -28.793 -28.769 -28.699 -28.674 -28.59 -28.561 -28.358 -28.306 -28.112 -28.085 -28.109 -28.091 -28.047 -27.962 -27.726 -27.608 -27.396 -27.286 -27.06 -26.927 -26.67 -26.574 -26.473 -26.414 -26.36 -26.24 -26.096 -25.937 -25.781 -25.546 -25.272 -24.996 -24.692 -24.603 -24.558 -24.434 -24.349 -24.095 -23.902 -23.482 -23.195 -22.87
-28.504 -28.546 -28.612 -28.641 -28.698 -28.722 -28.774 -28.811 -28.868 -28.908 -28.955 -28.976 -29.011 -29.031 -29.073 -29.091 -29.124 -29.141 -29.153 -29.15 -29.121 -29.073 -28.995 -28.926 -28.855 -28.827 -28.787 -28.752 -28.686 -28.619 -28.497 -28.364 -28.218 -28.103 -28.049 -28.069 -28.066 -28.04 -27.95 -27.793 -27.64 -27.466 -27.277 -27.077 -26.88 -26.682 -26.577 -26.502 -26.432 -26.377 -26.263 -26.117 -26.029 -25.832 -25.648 -25.292 -25.039 -24.689 -24.641 -24.58 -24.506 -24.395 -24.193 -23.961 -23.605 -23.257 -22.963
-28.51 -28.563 -28.624 -28.675 -28.716 -28.766 -28.789 -28.85 -28.878 -28.933 -28.964 -29.005 -29.037 -29.073 -29.098 -29.106 -29.105 -29.101 -29.102 -29.107 -29.102 -29.041 -29.012 -28.901 -28.863 -28.851 -28.844 -28.804 -28.781 -28.596 -28.537 -28.257 -28.193 -28.006 -27.988 -28.029 -28.03 -27.995 -27.95 -27.828 -27.723 -27.512 -27.349 -26.992 -26.879 -26.662 -26.597 -26.497 -26.428 -26.287 -26.231 -26.133 -26.076 -26.034 -25.748 -25.427 -25.096 -24.786 -24.674 -24.614 -24.53 -24.448 -24.223 -24.017 -23.676 -23.418 -23.037
-28.515 -28.574 -28.651 -28.698 -28.766 -28.8 -28.86 -28.887 -28.937 -28.954 -28.982 -29.002 -29.035 -29.072 -29.111 -29.115 -29.114 -29.096 -29.082 -29.088 -29.083 -29.065 -29.023 -28.973 -28.927 -28.916 -28.9 -28.885 -28.811 -28.698 -28.53 -28.366 -28.2 -28.089 -28.027 -28.036 -28.031 -28.014 -27.975 -27.903 -27.778 -27.608 -27.364 -27.087 -26.895 -26.74 -26.64 -26.543 -26.437 -26.294 -26.231 -26.138 -26.097 -26.04 -25.787 -25.443 -25.142 -24.801 -24.684 -24.605 -24.529 -24.466 -24.266 -24.04 -23.74 -23.46 -23.071
-28.52 -28.592 -28.659 -28.726 -28.779 -28.847 -28.882 -28.946 -28.959 -29.003 -28.991 -29.03 -29.017 -29.088 -29.115 -29.125 -29.13 -29.092 -29.068 -29.088 -29.085 -29.081 -29.077 -29.016 -29.003 -28.98 -28.976 -28.957 -28.944 -28.733 -28.676 -28.395 -28.336 -28.135 -28.107 -28.058 -28.053 -28.05 -28.026 -28.003 -27.896 -27.667 -27.466 -27.051 -26.948 -26.826 -26.72 -26.573 -26.477 -26.354 -26.26 -26.142 -26.084 -25.976 -25.76 -25.452 -25.157 -24.851 -24.663 -24.489 -24.501 -24.489 -24.312 -24.152 -23.786 -23.5 -23.065
-28.56 -28.614 -28.693 -28.749 -28.826 -28.886 -28.968 -28.998 -29.057 -29.064 -29.105 -29.089 -29.107 -29.105 -29.119 -29.12 -29.119 -29.117 -29.118 -29.125 -29.13 -29.12 -29.105 -29.086 -29.062 -29.044 -29.011 -28.975 -28.895 -28.794 -28.661 -28.537 -28.388 -28.263 -28.152 -28.096 -28.064 -28.065 -28.05 -28.027 -27.894 -27.723 -27.46 -27.179 -27.021 -26.915 -26.779 -26.633 -26.49 -26.354 -26.257 -26.144 -26.037 -25.934 -25.697 -25.445 -25.187 -24.882 -24.723 -24.5 -24.528 -24.498 -24.338 -24.175 -23.792 -23.506 -23.05
-28.572 -28.645 -28.701 -28.776 -28.836 -28.929 -28.991 -29.062 -29.085 -29.141 -29.142 -29.164 -29.142 -29.146 -29.122 -29.13 -29.119 -29.149 -29.146 -29.17 -29.171 -29.142 -29.141 -29.121 -29.123 -29.082 -29.069 -28.944 -28.914 -28.766 -28.735 -28.608 -28.561 -28.32 -28.268 -28.093 -28.082 -28.087 -28.071 -28.029 -27.927 -27.652 -27.5 -27.218 -27.113 -27.012 -26.859 -26.627 -26.505 -26.322 -26.245 -26.123 -25.995 -25.774 -25.627 -25.398 -25.217 -25.06 -24.841 -24.734 -24.595 -24.527 -24.335 -24.149 -23.758 -23.437 -23.078
-28.632 -28.672 -28.738 -28.797 -28.872 -28.956 -29.048 -29.106 -29.175 -29.194 -29.234 -29.216 -29.219 -29.194 -29.182 -29.157 -29.158 -29.183 -29.214 -29.227 -29.218 -29.162 -29.12 -29.107 -29.09 -29.075 -29.014 -28.926 -28.828 -28.759 -28.699 -28.666 -28.565 -28.434 -28.289 -28.179 -28.112 -28.101 -28.066 -28.031 -27.887 -27.717 -27.501 -27.309 -27.188 -27.104 -26.956 -26.764 -26.567 -26.338 -26.232 -26.105 -25.964 -25.778 -25.638 -25.426 -25.306 -25.103 -24.974 -24.781 -24.697 -24.549 -24.338 -24.136 -23.71 -23.423 -23.068
-28.651 -28.721 -28.752 -28.839 -28.885 -28.996 -29.061 -29.147 -29.197 -29.239 -29.259 -29.258 -29.254 -29.23 -29.216 -29.188 -29.168 -29.239 -29.247 -29.293 -29.279 -29.147 -29.115 -29.074 -29.068 -29.046 -29.026 -28.838 -28.802 -28.688 -28.679 -28.691 -28.659 -28.454 -28.4 -28.199 -28.172 -28.106 -28.084 -27.995 -27.903 -27.683 -27.549 -27.313 -27.25 -27.219 -27.076 -26.936 -26.681 -26.378 -26.238 -26.059 -25.965 -25.858 -25.71 -25.61 -25.406 -25.289 -25.068 -24.95 -24.788 -24.702 -24.329 -24.042 -23.678 -23.4 -23.051
-28.748 -28.772 -28.837 -28.889 -28.971 -29.029 -29.099 -29.16 -29.212 -29.246 -29.269 -29.261 -29.25 -29.233 -29.219 -29.223 -29.244 -29.282 -29.325 -29.34 -29.309 -29.207 -29.114 -29.053 -29.013 -29.005 -28.946 -28.858 -28.758 -28.686 -28.65 -28.658 -28.605 -28.519 -28.401 -28.297 -28.209 -28.16 -28.09 -28.03 -27.896 -27.761 -27.584 -27.428 -27.331 -27.276 -27.168 -27.049 -26.809 -26.475 -26.322 -26.087 -25.99 -25.865 -25.787 -25.652 -25.532 -25.332 -25.149 -24.962 -24.833 -24.709 -24.337 -24.033 -23.65 -23.391 -23.04
-28.771 -28.84 -28.861 -28.949 -28.989 -29.062 -29.105 -29.164 -29.211 -29.245 -29.27 -29.264 -29.257 -29.242 -29.227 -29.26 -29.262 -29.336 -29.354 -29.386 -29.378 -29.2 -29.152 -29.009 -28.984 -28.966 -28.949 -28.816 -28.783 -28.631 -28.62 -28.619 -28.603 -28.512 -28.47 -28.325 -28.293 -28.191 -28.154 -28.024 -27.935 -27.76 -27.652 -27.503 -27.409 -27.314 -27.231 -27.164 -26.941 -26.747 -26.447 -26.182 -26.026 -25.894 -25.838 -25.827 -25.625 -25.505 -25.176 -24.94 -24.818 -24.705 -24.337 -24.063 -23.628 -23.352 -23.055
-28.868 -28.9 -28.968 -28.995 -29.048 -29.077 -29.108 -29.146 -29.167 -29.231 -29.265 -29.274 -29.278 -29.272 -29.279 -29.295 -29.323 -29.342 -29.365 -29.374 -29.343 -29.275 -29.178 -29.079 -29.003 -28.969 -28.918 -28.865 -28.773 -28.682 -28.605 -28.566 -28.521 -28.485 -28.439 -28.398 -28.331 -28.268 -28.148 -28.045 -27.874 -27.751 -27.61 -27.527 -27.428 -27.359 -27.257 -27.187 -27.018 -26.802 -26.595 -26.275 -26.11 -25.915 -25.874 -25.824 -25.705 -25.53 -25.229 -24.952 -24.789 -24.669 -24.334 -24.072 -23.667 -23.369 -23.084
-28.876 -28.941 -28.982 -29.033 -29.058 -29.098 -29.113 -29.151 -29.164 -29.237 -29.262 -29.298 -29.294 -29.325 -29.307 -29.352 -29.34 -29.362 -29.362 -29.363 -29.361 -29.272 -29.243 -29.07 -29.037 -28.964 -28.946 -28.868 -28.837 -28.66 -28.624 -28.487 -28.475 -28.423 -28.428 -28.444 -28.406 -28.305 -28.217 -27.963 -27.871 -27.594 -27.566 -27.478 -27.435 -27.367 -27.269 -27.126 -27.048 -26.979 -26.717 -26.519 -26.196 -25.943 -25.883 -25.842 -25.742 -25.667 -25.253 -24.964 -24.739 -24.563 -24.32 -24.136 -23.73 -23.511 -23.107
-28.889 -28.957 -29.014 -29.051 -29.086 -29.118 -29.149 -29.177 -29.211 -29.262 -29.311 -29.349 -29.391 -29.424 -29.454 -29.421 -29.408 -29.366 -29.346 -29.336 -29.307 -29.259 -29.185 -29.104 -29.049 -29.048 -29.008 -28.955 -28.85 -28.738 -28.613 -28.523 -28.45 -28.415 -28.402 -28.408 -28.369 -28.32 -28.166 -28.024 -27.805 -27.649 -27.522 -27.473 -27.394 -27.351 -27.232 -27.131 -27.052 -26.956 -26.757 -26.515 -26.234 -25.979 -25.904 -25.85 -25.786 -25.659 -25.309 -24.988 -24.74 -24.552 -24.321 -24.134 -23.807 -23.493 -23.19
-28.893 -28.971 -29.02 -29.077 -29.099 -29.151 -29.163 -29.219 -29.229 -29.299 -29.329 -29.391 -29.425 -29.494 -29.512 -29.478 -29.45 -29.387 -29.358 -29.342 -29.317 -29.247 -29.208 -29.078 -29.069 -29.1 -29.086 -28.984 -28.938 -28.721 -28.673 -28.491 -28.469 -28.385 -28.387 -28.371 -28.359 -28.286 -28.2 -27.962 -27.851 -27.569 -27.514 -27.41 -27.364 -27.26 -27.207 -27.11 -27.044 -26.954 -26.746 -26.51 -26.231 -25.973 -25.923 -25.9 -25.813 -25.752 -25.325 -25.045 -24.744 -24.567 -24.316 -24.166 -23.862 -23.705 -23.266
-28.901 -28.988 -29.05 -29.11 -29.159 -29.195 -29.236 -29.274 -29.319 -29.335 -29.371 -29.417 -29.466 -29.516 -29.54 -29.52 -29.498 -29.466 -29.449 -29.446 -29.413 -29.341 -29.256 -29.157 -29.119 -29.135 -29.111 -29.064 -28.952 -28.833 -28.692 -28.591 -28.503 -28.46 -28.415 -28.389 -28.319 -28.255 -28.112 -27.996 -27.803 -27.666 -27.526 -27.453 -27.346 -27.283 -27.186 -27.109 -27.037 -26.937 -26.747 -26.515 -26.253 -26.017 -25.951 -25.904 -25.828 -25.712 -25.331 -25.035 -24.731 -24.506 -24.348 -24.146 -23.936 -23.663 -23.353
-28.945 -29.02 -29.087 -29.147 -29.192 -29.238 -29.269 -29.322 -29.348 -29.376 -29.392 -29.449 -29.476 -29.532 -29.55 -29.534 -29.532 -29.512 -29.51 -29.52 -29.497 -29.392 -29.335 -29.161 -29.149 -29.158 -29.145 -29.075 -29.022 -28.828 -28.772 -28.595 -28.566 -28.489 -28.462 -28.387 -28.336 -28.166 -28.105 -27.924 -27.845 -27.656 -27.591 -27.44 -27.356 -27.249 -27.185 -27.104 -27.038 -26.963 -26.755 -26.558 -26.266 -26.033 -25.969 -25.937 -25.819 -25.719 -25.27 -24.959 -24.668 -24.484 -24.387 -24.33 -23.966 -23.797 -23.387
-28.988 -29.065 -29.131 -29.188 -29.237 -29.28 -29.32 -29.365 -29.403 -29.419 -29.446 -29.478 -29.507 -29.516 -29.524 -29.528 -29.534 -29.569 -29.58 -29.579 -29.542 -29.467 -29.373 -29.27 -29.193 -29.138 -29.087 -29.031 -28.95 -28.873 -28.761 -28.673 -28.586 -28.538 -28.479 -28.441 -28.308 -28.191 -28.041 -27.948 -27.833 -27.765 -27.645 -27.561 -27.396 -27.292 -27.196 -27.134 -27.065 -26.957 -26.791 -26.577 -26.346 -26.117 -26.04 -25.952 -25.821 -25.608 -25.317 -24.945 -24.74 -24.503 -24.466 -24.325 -24.085 -23.797 -23.544
-29.036 -29.104 -29.168 -29.225 -29.273 -29.322 -29.355 -29.401 -29.423 -29.446 -29.462 -29.496 -29.513 -29.519 -29.522 -29.527 -29.538 -29.591 -29.606 -29.607 -29.581 -29.482 -29.417 -29.267 -29.213 -29.104 -29.055 -28.974 -28.934 -28.847 -28.806 -28.666 -28.638 -28.536 -28.507 -28.451 -28.35 -28.117 -28.053 -27.889 -27.87 -27.826 -27.752 -27.635 -27.441 -27.239 -27.209 -27.192 -27.09 -27.007 -26.815 -26.666 -26.401 -26.243 -26.094 -26.032 -25.799 -25.644 -25.357 -25.206 -24.808 -24.659 -24.547 -24.521 -24.177 -24.059 -23.726
-29.078 -29.141 -29.191 -29.266 -29.314 -29.371 -29.412 -29.433 -29.454 -29.461 -29.475 -29.499 -29.515 -29.534 -29.541 -29.539 -29.549 -29.567 -29.583 -29.596 -29.559 -29.475 -29.374 -29.244 -29.149 -29.072 -29.006 -28.953 -28.909 -28.884 -28.82 -28.768 -28.649 -28.545 -28.459 -28.408 -28.279 -28.171 -28.017 -27.924 -27.869 -27.86 -27.788 -27.732 -27.5 -27.342 -27.228 -27.175 -27.111 -27.017 -26.841 -26.654 -26.441 -26.217 -26.136 -25.97 -25.799 -25.567 -25.411 -25.167 -24.929 -24.684 -24.644 -24.515 -24.309 -24.071 -23.891
-29.125 -29.177 -29.233 -29.298 -29.352 -29.402 -29.431 -29.449 -29.458 -29.465 -29.475 -29.496 -29.516 -29.541 -29.554 -29.553 -29.551 -29.561 -29.558 -29.576 -29.545 -29.445 -29.37 -29.192 -29.131 -29.026 -28.996 -28.922 -28.916 -28.886 -28.869 -28.793 -28.708 -28.488 -28.438 -28.342 -28.261 -28.126 -28.048 -27.878 -27.884 -27.883 -27.837 -27.785 -27.543 -27.311 -27.237 -27.174 -27.118 -27.072 -26.839 -26.655 -26.429 -26.268 -26.133 -26.047 -25.761 -25.586 -25.425 -25.339 -24.963 -24.819 -24.71 -24.679 -24.38 -24.273 -23.984
-29.168 -29.218 -29.262 -29.342 -29.393 -29.433 -29.458 -29.451 -29.453 -29.458 -29.464 -29.483 -29.502 -29.552 -29.57 -29.585 -29.578 -29.539 -29.525 -29.499 -29.472 -29.427 -29.339 -29.222 -29.129 -29.058 -29.006 -28.982 -28.949 -28.93 -28.891 -28.864 -28.72 -28.586 -28.443 -28.36 -28.245 -28.17 -28.035 -27.949 -27.877 -27.851 -27.811 -27.788 -27.586 -27.4 -27.28 -27.153 -27.1 -26.971 -26.837 -26.6 -26.449 -26.226 -26.128 -25.941 -25.746 -25.509 -25.393 -25.204 -24.969 -24.768 -24.717 -24.628 -24.462 -24.281 -24.117
-29.194 -29.243 -29.304 -29.371 -29.422 -29.456 -29.47 -29.465 -29.468 -29.48 -29.495 -29.515 -29.532 -29.575 -29.589 -29.604 -29.584 -29.531 -29.496 -29.461 -29.439 -29.404 -29.357 -29.214 -29.166 -29.05 -29.044 -29 -28.992 -28.942 -28.918 -28.879 -28.766 -28.56 -28.484 -28.321 -28.274 -28.146 -28.078 -27.939 -27.883 -27.802 -27.771 -27.768 -27.598 -27.46 -27.305 -27.182 -27.077 -26.972 -26.817 -26.687 -26.437 -26.274 -26.094 -25.972 -25.688 -25.511 -25.312 -25.173 -24.88 -24.718 -24.678 -24.637 -24.492 -24.431 -24.203
-29.185 -29.281 -29.329 -29.415 -29.458 -29.482 -29.494 -29.482 -29.489 -29.546 -29.571 -29.608 -29.623 -29.621 -29.626 -29.624 -29.595 -29.513 -29.469 -29.411 -29.401 -29.415 -29.371 -29.314 -29.224 -29.145 -29.094 -29.081 -29.027 -28.978 -28.91 -28.846 -28.728 -28.626 -28.505 -28.444 -28.323 -28.255 -28.113 -28.029 -27.893 -27.82 -27.741 -27.67 -27.552 -27.375 -27.299 -27.143 -27.04 -26.872 -26.786 -26.623 -26.484 -26.263 -26.132 -25.899 -25.701 -25.445 -25.3 -25.086 -24.888 -24.708 -24.671 -24.609 -24.529 -24.424 -24.304
-29.209 -29.277 -29.356 -29.42 -29.476 -29.503 -29.517 -29.512 -29.528 -29.579 -29.622 -29.662 -29.676 -29.666 -29.649 -29.636 -29.592 -29.507 -29.46 -29.395 -29.394 -29.419 -29.403 -29.339 -29.284 -29.156 -29.141 -29.103 -29.06 -28.968 -28.901 -28.798 -28.716 -28.596 -28.542 -28.469 -28.394 -28.276 -28.183 -28.03 -27.916 -27.777 -27.685 -27.62 -27.467 -27.36 -27.253 -27.196 -26.978 -26.837 -26.727 -26.675 -26.468 -26.39 -26.131 -26.001 -25.664 -25.494 -25.261 -25.144 -24.856 -24.742 -24.663 -24.636 -24.538 -24.506 -24.363
-29.181 -29.293 -29.335 -29.441 -29.476 -29.54 -29.557 -29.555 -29.57 -29.63 -29.666 -29.746 -29.754 -29.725 -29.697 -29.626 -29.582 -29.509 -29.463 -29.414 -29.411 -29.438 -29.418 -29.384 -29.306 -29.223 -29.165 -29.132 -29.056 -28.974 -28.873 -28.782 -28.684 -28.611 -28.526 -28.472 -28.395 -28.326 -28.21 -28.081 -27.92 -27.76 -27.65 -27.535 -27.424 -27.28 -27.229 -27.107 -26.995 -26.822 -26.746 -26.611 -26.505 -26.326 -26.185 -25.948 -25.747 -25.489 -25.352 -25.146 -24.98 -24.808 -24.761 -24.681 -24.624 -24.518 -24.415
-29.211 -29.276 -29.349 -29.412 -29.479 -29.53 -29.572 -29.582 -29.605 -29.644 -29.685 -29.75 -29.759 -29.731 -29.685 -29.618 -29.568 -29.507 -29.48 -29.431 -29.439 -29.455 -29.441 -29.386 -29.338 -29.219 -29.187 -29.126 -29.064 -28.942 -28.867 -28.734 -28.675 -28.577 -28.517 -28.44 -28.397 -28.361 -28.258 -28.119 -27.957 -27.736 -27.616 -27.486 -27.362 -27.257 -27.173 -27.118 -26.947 -26.877 -26.715 -26.638 -26.457 -26.384 -26.161 -26.08 -25.747 -25.629 -25.399 -25.326 -25.053 -24.983 -24.869 -24.836 -24.696 -24.661 -24.391
