Input/Ta and c maps/T_avg_1979-2014_MAR.asc
ncols 301
nrows 561
xllcorner -802.5
yllcorner -3402.5
cellsize 5
nodata_value -999
[rows 180 to 209 of 561, columns 134 to 200 of 301]
-28.799 -28.859 -28.903 -28.968 -29.042 -29.134 -29.189 -29.269 -29.322 -29.391 -29.392 -29.402 -29.383 -29.364 -29.363 -29.344 -29.368 -29.359 -29.341 -29.325 -29.322 -29.325 -29.374 -29.399 -29.368 -29.356 -29.217 -29.173 -29.09 -29.066 -29.021 -29 -28.897 -28.845 -28.715 -28.67 -28.643 -28.616 -28.562 -28.505 -28.377 -28.325 -28.282 -28.258 -28.236 -28.216 -28.179 -28.135 -28.024 -27.935 -27.782 -27.735 -27.729 -27.707 -27.7 -27.603 -27.457 -27.426 -27.43 -27.394 -27.315 -27.159 -26.993 -26.842 -26.742 -26.642 -26.581
-28.776 -28.809 -28.877 -28.924 -29.007 -29.059 -29.14 -29.214 -29.279 -29.352 -29.381 -29.407 -29.407 -29.408 -29.41 -29.412 -29.412 -29.4 -29.378 -29.348 -29.338 -29.336 -29.359 -29.375 -29.362 -29.33 -29.265 -29.19 -29.137 -29.076 -29.046 -28.998 -28.94 -28.864 -28.769 -28.691 -28.657 -28.613 -28.57 -28.511 -28.406 -28.352 -28.316 -28.308 -28.299 -28.275 -28.218 -28.132 -27.997 -27.888 -27.72 -27.688 -27.701 -27.724 -27.737 -27.674 -27.455 -27.396 -27.371 -27.318 -27.256 -27.153 -26.943 -26.869 -26.723 -26.678 -26.579
-28.745 -28.788 -28.839 -28.908 -28.96 -29.03 -29.071 -29.139 -29.214 -29.306 -29.347 -29.411 -29.423 -29.444 -29.463 -29.481 -29.472 -29.47 -29.415 -29.393 -29.347 -29.331 -29.344 -29.345 -29.34 -29.336 -29.294 -29.28 -29.165 -29.137 -29.061 -29.041 -28.982 -28.947 -28.827 -28.778 -28.668 -28.627 -28.553 -28.505 -28.409 -28.371 -28.353 -28.356 -28.41 -28.378 -28.256 -28.142 -27.916 -27.807 -27.698 -27.672 -27.698 -27.746 -27.85 -27.749 -27.554 -27.411 -27.266 -27.212 -27.155 -27.066 -26.957 -26.85 -26.771 -26.681 -26.614
-28.72 -28.735 -28.807 -28.85 -28.919 -28.972 -29.016 -29.076 -29.148 -29.23 -29.285 -29.344 -29.378 -29.421 -29.457 -29.494 -29.504 -29.501 -29.475 -29.429 -29.387 -29.344 -29.338 -29.331 -29.329 -29.324 -29.312 -29.272 -29.207 -29.139 -29.092 -29.047 -29.018 -28.972 -28.901 -28.825 -28.739 -28.655 -28.585 -28.506 -28.42 -28.384 -28.378 -28.392 -28.438 -28.391 -28.263 -28.126 -27.888 -27.771 -27.664 -27.64 -27.683 -27.739 -27.88 -27.798 -27.555 -27.428 -27.198 -27.156 -27.088 -27.032 -26.91 -26.859 -26.75 -26.706 -26.596
-28.698 -28.715 -28.779 -28.833 -28.877 -28.921 -28.959 -28.999 -29.078 -29.149 -29.208 -29.272 -29.34 -29.374 -29.454 -29.494 -29.532 -29.553 -29.52 -29.513 -29.402 -29.371 -29.329 -29.316 -29.319 -29.317 -29.323 -29.318 -29.213 -29.183 -29.101 -29.08 -29.045 -29.025 -28.979 -28.94 -28.82 -28.76 -28.616 -28.548 -28.409 -28.385 -28.431 -28.437 -28.417 -28.365 -28.218 -28.092 -27.886 -27.758 -27.593 -27.579 -27.613 -27.692 -27.792 -27.738 -27.593 -27.433 -27.275 -27.169 -27.094 -27.017 -26.945 -26.859 -26.789 -26.716 -26.67
-28.695 -28.723 -28.768 -28.802 -28.854 -28.899 -28.935 -28.985 -29.035 -29.098 -29.152 -29.213 -29.258 -29.319 -29.373 -29.441 -29.49 -29.532 -29.536 -29.508 -29.448 -29.382 -29.351 -29.328 -29.332 -29.335 -29.34 -29.311 -29.25 -29.178 -29.121 -29.073 -29.052 -29.027 -28.999 -28.942 -28.853 -28.754 -28.639 -28.542 -28.434 -28.417 -28.46 -28.463 -28.431 -28.349 -28.207 -28.094 -27.907 -27.827 -27.642 -27.627 -27.627 -27.636 -27.747 -27.642 -27.522 -27.388 -27.236 -27.158 -27.068 -27.016 -26.925 -26.872 -26.773 -26.736 -26.672
-28.693 -28.725 -28.765 -28.791 -28.841 -28.871 -28.921 -28.947 -28.998 -29.037 -29.091 -29.143 -29.215 -29.236 -29.326 -29.354 -29.468 -29.504 -29.548 -29.555 -29.46 -29.43 -29.361 -29.345 -29.36 -29.363 -29.372 -29.362 -29.262 -29.231 -29.102 -29.077 -29.041 -29.023 -28.988 -28.951 -28.827 -28.76 -28.608 -28.545 -28.461 -28.456 -28.528 -28.518 -28.452 -28.366 -28.174 -28.094 -28.051 -27.978 -27.973 -27.854 -27.702 -27.634 -27.509 -27.439 -27.26 -27.202 -27.126 -27.086 -27.051 -26.999 -26.949 -26.867 -26.79 -26.732 -26.696
-28.693 -28.733 -28.764 -28.799 -28.841 -28.891 -28.92 -28.955 -28.973 -29.003 -29.04 -29.089 -29.143 -29.204 -29.249 -29.317 -29.385 -29.467 -29.525 -29.555 -29.529 -29.479 -29.429 -29.392 -29.397 -29.405 -29.416 -29.394 -29.339 -29.249 -29.156 -29.068 -29.026 -28.987 -28.965 -28.915 -28.831 -28.733 -28.616 -28.547 -28.496 -28.512 -28.563 -28.546 -28.475 -28.349 -28.167 -28.087 -28.062 -28.063 -28.058 -27.965 -27.75 -27.611 -27.449 -27.315 -27.144 -27.097 -27.061 -27.04 -27.025 -26.993 -26.934 -26.878 -26.769 -26.737 -26.683
-28.69 -28.736 -28.764 -28.785 -28.849 -28.883 -28.93 -28.948 -28.967 -28.966 -29.012 -29.026 -29.127 -29.151 -29.226 -29.24 -29.356 -29.386 -29.538 -29.576 -29.583 -29.582 -29.475 -29.453 -29.451 -29.453 -29.497 -29.497 -29.421 -29.385 -29.169 -29.119 -28.966 -28.943 -28.912 -28.892 -28.809 -28.746 -28.579 -28.545 -28.566 -28.577 -28.634 -28.6 -28.482 -28.358 -28.096 -28.041 -28.016 -28.047 -28.138 -28.022 -27.807 -27.627 -27.401 -27.267 -27.12 -27.065 -27.027 -27.014 -26.999 -26.978 -26.956 -26.882 -26.813 -26.741 -26.671
-28.675 -28.724 -28.759 -28.8 -28.845 -28.897 -28.937 -28.978 -28.997 -29.024 -29.036 -29.074 -29.118 -29.177 -29.221 -29.277 -29.319 -29.396 -29.477 -29.557 -29.592 -29.598 -29.561 -29.529 -29.521 -29.527 -29.554 -29.561 -29.538 -29.458 -29.333 -29.18 -29.052 -28.951 -28.92 -28.884 -28.843 -28.79 -28.685 -28.681 -28.695 -28.731 -28.741 -28.683 -28.552 -28.401 -28.162 -28.082 -28.035 -28.03 -28.111 -27.972 -27.78 -27.599 -27.356 -27.262 -27.094 -27.078 -27.019 -27.025 -26.992 -26.994 -26.953 -26.925 -26.81 -26.79 -26.675
-28.655 -28.705 -28.748 -28.785 -28.839 -28.881 -28.941 -28.981 -29.03 -29.047 -29.082 -29.08 -29.152 -29.169 -29.256 -29.276 -29.331 -29.344 -29.476 -29.507 -29.611 -29.634 -29.623 -29.623 -29.595 -29.597 -29.64 -29.653 -29.691 -29.675 -29.509 -29.441 -29.103 -29.048 -28.916 -28.887 -28.916 -28.885 -28.897 -28.877 -28.993 -28.971 -28.962 -28.859 -28.656 -28.517 -28.349 -28.224 -28.087 -28.026 -27.897 -27.817 -27.623 -27.514 -27.386 -27.279 -27.195 -27.135 -27.122 -27.081 -27.065 -27.034 -27.029 -26.98 -26.962 -26.874 -26.813
-28.623 -28.676 -28.723 -28.763 -28.804 -28.848 -28.91 -28.972 -29.043 -29.104 -29.134 -29.172 -29.189 -29.231 -29.272 -29.321 -29.35 -29.396 -29.439 -29.494 -29.535 -29.581 -29.611 -29.63 -29.626 -29.626 -29.633 -29.674 -29.728 -29.752 -29.708 -29.58 -29.374 -29.197 -29.079 -29.008 -28.995 -28.993 -28.986 -29.033 -29.091 -29.098 -29.052 -28.944 -28.757 -28.632 -28.464 -28.334 -28.156 -28.016 -27.874 -27.733 -27.581 -27.482 -27.362 -27.303 -27.201 -27.188 -27.148 -27.142 -27.085 -27.075 -27.041 -27.029 -27.001 -26.957 -26.853
-28.583 -28.645 -28.694 -28.735 -28.781 -28.812 -28.901 -28.945 -29.068 -29.116 -29.186 -29.208 -29.23 -29.241 -29.314 -29.332 -29.395 -29.407 -29.45 -29.455 -29.489 -29.502 -29.611 -29.629 -29.649 -29.648 -29.608 -29.626 -29.805 -29.84 -29.966 -29.928 -29.653 -29.563 -29.273 -29.188 -29.125 -29.098 -29.149 -29.15 -29.245 -29.204 -29.134 -29.036 -28.887 -28.77 -28.653 -28.488 -28.217 -28.067 -27.81 -27.712 -27.545 -27.479 -27.379 -27.315 -27.234 -27.215 -27.23 -27.193 -27.173 -27.106 -27.037 -27.03 -27.038 -26.984 -26.928
-28.532 -28.591 -28.654 -28.703 -28.769 -28.832 -28.906 -28.985 -29.057 -29.127 -29.17 -29.208 -29.227 -29.264 -29.314 -29.374 -29.428 -29.471 -29.485 -29.492 -29.484 -29.511 -29.561 -29.61 -29.634 -29.62 -29.575 -29.591 -29.669 -29.777 -29.88 -29.872 -29.752 -29.592 -29.414 -29.283 -29.204 -29.176 -29.186 -29.202 -29.235 -29.198 -29.14 -29.037 -28.917 -28.798 -28.694 -28.5 -28.272 -28.084 -27.869 -27.772 -27.618 -27.577 -27.42 -27.404 -27.259 -27.285 -27.255 -27.264 -27.201 -27.155 -27.034 -27.044 -27.05 -27.015 -26.948
-28.492 -28.551 -28.627 -28.671 -28.773 -28.819 -28.932 -28.973 -29.073 -29.11 -29.166 -29.192 -29.234 -29.249 -29.344 -29.37 -29.484 -29.506 -29.529 -29.528 -29.484 -29.484 -29.553 -29.568 -29.639 -29.63 -29.499 -29.494 -29.534 -29.578 -29.798 -29.809 -29.754 -29.696 -29.465 -29.395 -29.263 -29.235 -29.248 -29.227 -29.187 -29.159 -29.082 -29.017 -28.859 -28.783 -28.579 -28.464 -28.197 -28.097 -27.967 -27.885 -27.87 -27.754 -27.71 -27.559 -27.455 -27.383 -27.38 -27.332 -27.321 -27.213 -27.114 -27.067 -27.041 -27.022 -27.004
-28.458 -28.526 -28.611 -28.686 -28.789 -28.876 -28.944 -29.011 -29.058 -29.103 -29.129 -29.167 -29.219 -29.278 -29.34 -29.411 -29.467 -29.509 -29.52 -29.517 -29.502 -29.508 -29.535 -29.587 -29.642 -29.634 -29.57 -29.516 -29.498 -29.535 -29.625 -29.648 -29.633 -29.54 -29.429 -29.349 -29.298 -29.296 -29.298 -29.288 -29.243 -29.206 -29.144 -29.026 -28.89 -28.702 -28.561 -28.368 -28.206 -28.098 -28.006 -27.993 -27.934 -27.95 -27.8 -27.772 -27.525 -27.53 -27.414 -27.424 -27.354 -27.293 -27.135 -27.109 -27.039 -27.046 -27.026
-28.438 -28.508 -28.608 -28.677 -28.812 -28.878 -28.967 -29.007 -29.06 -29.084 -29.109 -29.132 -29.23 -29.259 -29.364 -29.391 -29.479 -29.493 -29.511 -29.512 -29.504 -29.506 -29.544 -29.565 -29.693 -29.691 -29.608 -29.579 -29.451 -29.449 -29.464 -29.471 -29.41 -29.395 -29.241 -29.263 -29.338 -29.342 -29.421 -29.378 -29.365 -29.306 -29.263 -29.115 -28.783 -28.652 -28.321 -28.264 -28.104 -28.079 -28.048 -28.055 -28.153 -28.112 -28.194 -28.001 -27.895 -27.705 -27.597 -27.512 -27.488 -27.365 -27.268 -27.165 -27.101 -27.074 -27.068
-28.423 -28.504 -28.61 -28.701 -28.805 -28.888 -28.952 -29.003 -29.037 -29.068 -29.095 -29.136 -29.19 -29.243 -29.278 -29.329 -29.377 -29.423 -29.453 -29.473 -29.48 -29.505 -29.539 -29.595 -29.652 -29.678 -29.666 -29.614 -29.544 -29.5 -29.489 -29.456 -29.418 -29.356 -29.291 -29.323 -29.387 -29.465 -29.497 -29.5 -29.45 -29.386 -29.317 -29.126 -28.891 -28.659 -28.414 -28.277 -28.158 -28.123 -28.08 -28.136 -28.185 -28.237 -28.244 -28.177 -27.967 -27.856 -27.63 -27.592 -27.512 -27.445 -27.3 -27.241 -27.113 -27.125 -27.089
-28.412 -28.492 -28.611 -28.685 -28.801 -28.863 -28.937 -28.976 -29.015 -29.042 -29.081 -29.109 -29.191 -29.207 -29.243 -29.256 -29.332 -29.35 -29.423 -29.434 -29.465 -29.48 -29.561 -29.579 -29.653 -29.666 -29.719 -29.703 -29.61 -29.595 -29.539 -29.521 -29.418 -29.406 -29.34 -29.369 -29.557 -29.567 -29.688 -29.628 -29.581 -29.477 -29.293 -29.168 -28.949 -28.767 -28.51 -28.378 -28.251 -28.198 -28.199 -28.2 -28.268 -28.284 -28.345 -28.255 -28.18 -27.959 -27.749 -27.643 -27.577 -27.497 -27.45 -27.313 -27.222 -27.182 -27.195
-28.398 -28.483 -28.583 -28.659 -28.738 -28.8 -28.86 -28.904 -28.947 -28.987 -29.036 -29.084 -29.132 -29.168 -29.187 -29.217 -29.246 -29.296 -29.347 -29.402 -29.446 -29.499 -29.543 -29.583 -29.603 -29.658 -29.718 -29.745 -29.733 -29.701 -29.66 -29.591 -29.52 -29.477 -29.45 -29.506 -29.581 -29.643 -29.681 -29.629 -29.566 -29.413 -29.289 -29.155 -29.037 -28.893 -28.68 -28.546 -28.374 -28.311 -28.233 -28.248 -28.266 -28.267 -28.318 -28.268 -28.206 -28.059 -27.792 -27.736 -27.598 -27.582 -27.487 -27.415 -27.249 -27.275 -27.226
-28.381 -28.462 -28.562 -28.62 -28.697 -28.742 -28.807 -28.845 -28.899 -28.934 -29.007 -29.041 -29.12 -29.134 -29.169 -29.178 -29.217 -29.237 -29.324 -29.35 -29.456 -29.474 -29.554 -29.554 -29.567 -29.593 -29.756 -29.768 -29.861 -29.833 -29.777 -29.728 -29.598 -29.584 -29.602 -29.6 -29.678 -29.675 -29.674 -29.613 -29.421 -29.347 -29.125 -29.125 -29.137 -29.028 -28.962 -28.752 -28.577 -28.438 -28.341 -28.28 -28.218 -28.208 -28.139 -28.207 -28.251 -28.126 -28.015 -27.846 -27.745 -27.661 -27.641 -27.507 -27.444 -27.371 -27.381
-28.35 -28.429 -28.506 -28.56 -28.615 -28.662 -28.72 -28.77 -28.829 -28.883 -28.943 -29 -29.053 -29.103 -29.151 -29.186 -29.21 -29.241 -29.263 -29.313 -29.359 -29.408 -29.434 -29.453 -29.453 -29.508 -29.579 -29.688 -29.777 -29.808 -29.788 -29.715 -29.637 -29.594 -29.592 -29.605 -29.632 -29.622 -29.617 -29.499 -29.394 -29.214 -29.093 -29.006 -29.03 -28.954 -28.931 -28.774 -28.604 -28.471 -28.338 -28.253 -28.198 -28.131 -28.112 -28.143 -28.233 -28.172 -28.058 -27.971 -27.787 -27.78 -27.68 -27.629 -27.486 -27.48 -27.412
-28.32 -28.397 -28.471 -28.518 -28.574 -28.612 -28.679 -28.717 -28.794 -28.832 -28.914 -28.948 -29.038 -29.059 -29.156 -29.171 -29.219 -29.222 -29.243 -29.257 -29.32 -29.331 -29.355 -29.36 -29.351 -29.375 -29.457 -29.521 -29.75 -29.753 -29.772 -29.727 -29.601 -29.575 -29.554 -29.573 -29.562 -29.565 -29.486 -29.43 -29.222 -29.138 -28.891 -28.879 -28.717 -28.782 -28.733 -28.704 -28.587 -28.463 -28.258 -28.207 -28.101 -28.077 -28.005 -28.086 -28.143 -28.171 -28.196 -28.069 -28.004 -27.893 -27.87 -27.731 -27.671 -27.556 -27.51
-28.273 -28.344 -28.419 -28.47 -28.536 -28.585 -28.643 -28.692 -28.743 -28.798 -28.857 -28.913 -28.961 -29.018 -29.068 -29.119 -29.155 -29.188 -29.21 -29.242 -29.27 -29.294 -29.303 -29.308 -29.305 -29.322 -29.343 -29.445 -29.554 -29.632 -29.66 -29.607 -29.538 -29.464 -29.439 -29.422 -29.442 -29.406 -29.388 -29.294 -29.218 -29.081 -28.956 -28.807 -28.707 -28.627 -28.641 -28.562 -28.535 -28.389 -28.253 -28.178 -28.108 -28.076 -28.022 -28.081 -28.136 -28.168 -28.195 -28.114 -28.028 -27.98 -27.903 -27.854 -27.719 -27.671 -27.536
-28.233 -28.31 -28.389 -28.445 -28.52 -28.566 -28.635 -28.67 -28.73 -28.761 -28.838 -28.864 -28.941 -28.953 -29.041 -29.049 -29.132 -29.137 -29.199 -29.209 -29.258 -29.264 -29.277 -29.279 -29.268 -29.269 -29.262 -29.31 -29.445 -29.481 -29.55 -29.505 -29.378 -29.342 -29.235 -29.29 -29.263 -29.286 -29.183 -29.202 -29.145 -29.085 -28.977 -28.83 -28.584 -28.542 -28.384 -28.425 -28.357 -28.317 -28.193 -28.175 -28.157 -28.117 -28.109 -28.119 -28.163 -28.157 -28.133 -28.092 -28.032 -28.009 -28.014 -27.949 -27.951 -27.778 -27.689
-28.177 -28.255 -28.358 -28.424 -28.51 -28.566 -28.63 -28.674 -28.715 -28.754 -28.788 -28.827 -28.853 -28.897 -28.933 -28.985 -29.025 -29.081 -29.124 -29.179 -29.223 -29.257 -29.274 -29.273 -29.261 -29.257 -29.259 -29.297 -29.34 -29.365 -29.373 -29.331 -29.289 -29.226 -29.188 -29.161 -29.168 -29.124 -29.101 -29.082 -29.094 -29.077 -29.043 -28.917 -28.749 -28.613 -28.439 -28.43 -28.365 -28.33 -28.23 -28.218 -28.171 -28.141 -28.11 -28.112 -28.148 -28.127 -28.121 -28.066 -28.027 -28.014 -28.021 -28.018 -27.988 -27.898 -27.732
-28.13 -28.219 -28.331 -28.402 -28.5 -28.554 -28.63 -28.668 -28.717 -28.738 -28.774 -28.785 -28.827 -28.835 -28.899 -28.913 -28.991 -29.011 -29.102 -29.126 -29.226 -29.237 -29.283 -29.273 -29.248 -29.247 -29.26 -29.26 -29.28 -29.262 -29.183 -29.193 -29.141 -29.146 -29.09 -29.084 -29.023 -29.031 -28.931 -28.993 -29.013 -29.064 -29.147 -29.033 -28.974 -28.768 -28.619 -28.518 -28.469 -28.393 -28.359 -28.277 -28.229 -28.146 -28.058 -28.075 -28.066 -28.094 -28.089 -28.044 -27.981 -27.993 -27.996 -28.035 -28.076 -27.987 -27.958
-28.064 -28.156 -28.287 -28.368 -28.46 -28.529 -28.609 -28.662 -28.715 -28.74 -28.747 -28.763 -28.774 -28.805 -28.833 -28.883 -28.928 -28.988 -29.035 -29.102 -29.152 -29.205 -29.234 -29.237 -29.222 -29.222 -29.228 -29.233 -29.234 -29.198 -29.16 -29.143 -29.145 -29.126 -29.106 -29.022 -28.961 -28.889 -28.867 -28.878 -28.92 -28.998 -29.077 -29.087 -29.024 -28.925 -28.716 -28.662 -28.527 -28.498 -28.397 -28.359 -28.256 -28.216 -28.106 -28.129 -28.088 -28.129 -28.103 -28.076 -27.996 -28.018 -28.006 -28.062 -28.086 -28.047 -27.988
-28.021 -28.125 -28.262 -28.347 -28.45 -28.514 -28.606 -28.647 -28.714 -28.724 -28.734 -28.74 -28.761 -28.773 -28.82 -28.845 -28.922 -28.953 -29.029 -29.062 -29.14 -29.158 -29.218 -29.212 -29.191 -29.195 -29.205 -29.199 -29.193 -29.172 -29.106 -29.126 -29.153 -29.133 -29.107 -29.01 -28.798 -28.807 -28.738 -28.796 -28.801 -28.917 -29.013 -29.084 -29.187 -29.039 -28.951 -28.79 -28.714 -28.59 -28.532 -28.429 -28.381 -28.306 -28.31 -28.229 -28.237 -28.202 -28.229 -28.138 -28.107 -28.073 -28.091 -28.088 -28.102 -28.055 -28.016
-27.982 -28.087 -28.237 -28.33 -28.447 -28.516 -28.589 -28.635 -28.664 -28.688 -28.699 -28.722 -28.749 -28.773 -28.793 -28.841 -28.892 -28.959 -29.02 -29.076 -29.113 -29.149 -29.165 -29.173 -29.168 -29.162 -29.154 -29.156 -29.158 -29.144 -29.128 -29.115 -29.111 -29.093 -29.08 -28.95 -28.838 -28.747 -28.717 -28.719 -28.745 -28.83 -28.915 -29.042 -29.146 -29.121 -29.021 -28.942 -28.778 -28.711 -28.575 -28.512 -28.408 -28.403 -28.353 -28.361 -28.29 -28.289 -28.236 -28.168 -28.112 -28.096 -28.099 -28.105 -28.104 -28.049 -28.008
