Input/Ta and c maps/T_avg_1979-2014_MAR.asc
ncols 301
nrows 561
xllcorner -802.5
yllcorner -3402.5
cellsize 5
nodata_value -999
[rows 150 to 179 of 561, columns 134 to 200 of 301]
-29.197 -29.295 -29.317 -29.408 -29.431 -29.538 -29.57 -29.626 -29.641 -29.652 -29.676 -29.733 -29.735 -29.689 -29.653 -29.569 -29.54 -29.514 -29.499 -29.511 -29.495 -29.487 -29.461 -29.432 -29.353 -29.261 -29.195 -29.148 -29.062 -28.983 -28.867 -28.756 -28.678 -28.594 -28.51 -28.414 -28.374 -28.329 -28.269 -28.193 -28.009 -27.832 -27.636 -27.484 -27.365 -27.24 -27.159 -27.021 -26.934 -26.796 -26.721 -26.589 -26.486 -26.328 -26.217 -26.04 -25.89 -25.683 -25.549 -25.355 -25.21 -25.056 -24.996 -24.889 -24.797 -24.634 -24.459
-29.219 -29.282 -29.357 -29.414 -29.479 -29.539 -29.583 -29.616 -29.632 -29.637 -29.659 -29.703 -29.702 -29.67 -29.626 -29.561 -29.536 -29.518 -29.517 -29.525 -29.511 -29.494 -29.468 -29.428 -29.369 -29.249 -29.204 -29.133 -29.07 -28.965 -28.89 -28.757 -28.708 -28.604 -28.531 -28.394 -28.355 -28.312 -28.264 -28.253 -28.062 -27.885 -27.661 -27.453 -27.363 -27.288 -27.127 -27.012 -26.86 -26.786 -26.677 -26.634 -26.442 -26.37 -26.188 -26.133 -25.939 -25.89 -25.615 -25.538 -25.294 -25.229 -25.125 -25.082 -24.841 -24.763 -24.447
-29.185 -29.327 -29.361 -29.496 -29.52 -29.582 -29.59 -29.599 -29.604 -29.603 -29.621 -29.662 -29.665 -29.635 -29.609 -29.556 -29.542 -29.543 -29.531 -29.51 -29.497 -29.469 -29.453 -29.421 -29.367 -29.273 -29.207 -29.117 -29.062 -28.993 -28.906 -28.815 -28.742 -28.687 -28.572 -28.468 -28.356 -28.252 -28.215 -28.154 -28.054 -27.917 -27.686 -27.44 -27.372 -27.244 -27.138 -26.973 -26.876 -26.744 -26.683 -26.572 -26.469 -26.321 -26.222 -26.093 -26.014 -25.877 -25.74 -25.575 -25.472 -25.364 -25.319 -25.193 -25.041 -24.831 -24.65
-29.213 -29.298 -29.407 -29.497 -29.569 -29.601 -29.609 -29.6 -29.591 -29.591 -29.61 -29.645 -29.657 -29.642 -29.626 -29.582 -29.572 -29.561 -29.542 -29.513 -29.487 -29.458 -29.437 -29.415 -29.357 -29.274 -29.201 -29.106 -29.053 -28.999 -28.922 -28.823 -28.78 -28.716 -28.62 -28.493 -28.355 -28.215 -28.153 -28.123 -28.034 -27.968 -27.7 -27.483 -27.377 -27.291 -27.143 -27.019 -26.851 -26.761 -26.657 -26.605 -26.426 -26.361 -26.177 -26.12 -26.014 -25.983 -25.769 -25.715 -25.609 -25.591 -25.538 -25.511 -25.197 -25.119 -24.817
-29.169 -29.332 -29.376 -29.571 -29.599 -29.658 -29.65 -29.595 -29.584 -29.58 -29.593 -29.648 -29.658 -29.687 -29.668 -29.655 -29.625 -29.595 -29.562 -29.509 -29.485 -29.441 -29.421 -29.37 -29.33 -29.244 -29.18 -29.077 -29.03 -28.959 -28.908 -28.842 -28.791 -28.737 -28.631 -28.513 -28.351 -28.196 -28.122 -28.055 -28.02 -27.947 -27.722 -27.479 -27.397 -27.277 -27.198 -27.071 -26.96 -26.82 -26.734 -26.603 -26.488 -26.331 -26.221 -26.099 -26.046 -25.959 -25.874 -25.789 -25.755 -25.721 -25.711 -25.608 -25.439 -25.231 -25.066
-29.201 -29.279 -29.385 -29.486 -29.571 -29.616 -29.638 -29.621 -29.62 -29.615 -29.63 -29.652 -29.675 -29.695 -29.701 -29.685 -29.665 -29.625 -29.582 -29.526 -29.488 -29.441 -29.407 -29.359 -29.302 -29.235 -29.162 -29.07 -29.012 -28.948 -28.896 -28.845 -28.806 -28.75 -28.65 -28.527 -28.347 -28.175 -28.104 -28.026 -28.042 -27.986 -27.772 -27.536 -27.443 -27.324 -27.253 -27.182 -27.029 -26.927 -26.761 -26.696 -26.481 -26.399 -26.197 -26.128 -26.042 -26.011 -25.922 -25.904 -25.875 -25.879 -25.889 -25.877 -25.59 -25.527 -25.238
-29.172 -29.278 -29.306 -29.442 -29.473 -29.587 -29.608 -29.669 -29.668 -29.699 -29.683 -29.676 -29.683 -29.726 -29.725 -29.738 -29.706 -29.666 -29.613 -29.536 -29.5 -29.453 -29.405 -29.325 -29.278 -29.194 -29.144 -29.068 -29.004 -28.923 -28.882 -28.836 -28.814 -28.786 -28.662 -28.528 -28.348 -28.2 -28.133 -28.124 -28.127 -28.145 -27.898 -27.673 -27.534 -27.387 -27.295 -27.173 -27.075 -26.946 -26.858 -26.726 -26.605 -26.446 -26.325 -26.199 -26.139 -26.071 -26.029 -25.981 -25.953 -25.939 -25.95 -25.881 -25.743 -25.542 -25.358
-29.19 -29.236 -29.304 -29.37 -29.452 -29.524 -29.603 -29.658 -29.707 -29.727 -29.73 -29.709 -29.71 -29.724 -29.722 -29.728 -29.693 -29.664 -29.592 -29.526 -29.479 -29.446 -29.394 -29.324 -29.263 -29.185 -29.132 -29.069 -29.006 -28.919 -28.875 -28.831 -28.823 -28.807 -28.701 -28.541 -28.381 -28.19 -28.169 -28.14 -28.216 -28.248 -28.026 -27.823 -27.646 -27.481 -27.333 -27.23 -27.089 -27.017 -26.882 -26.838 -26.64 -26.581 -26.371 -26.315 -26.201 -26.17 -26.111 -26.09 -26 -25.987 -25.988 -25.98 -25.775 -25.709 -25.329
-29.167 -29.231 -29.251 -29.344 -29.378 -29.506 -29.549 -29.692 -29.72 -29.796 -29.78 -29.764 -29.741 -29.711 -29.705 -29.673 -29.66 -29.596 -29.556 -29.447 -29.44 -29.401 -29.381 -29.338 -29.263 -29.162 -29.125 -29.082 -29.016 -28.949 -28.877 -28.816 -28.827 -28.842 -28.763 -28.698 -28.451 -28.29 -28.195 -28.178 -28.236 -28.256 -28.13 -27.957 -27.759 -27.543 -27.374 -27.195 -27.099 -26.99 -26.939 -26.849 -26.75 -26.619 -26.509 -26.396 -26.334 -26.278 -26.254 -26.188 -26.095 -25.992 -25.925 -25.836 -25.758 -25.658 -25.554
-29.17 -29.215 -29.279 -29.334 -29.415 -29.485 -29.569 -29.639 -29.701 -29.749 -29.772 -29.773 -29.753 -29.722 -29.682 -29.659 -29.606 -29.577 -29.501 -29.439 -29.407 -29.392 -29.371 -29.34 -29.265 -29.162 -29.122 -29.082 -29.024 -28.956 -28.888 -28.811 -28.822 -28.847 -28.794 -28.75 -28.514 -28.302 -28.227 -28.167 -28.234 -28.31 -28.176 -28.113 -27.838 -27.67 -27.4 -27.235 -27.104 -27.012 -26.981 -26.928 -26.779 -26.73 -26.553 -26.509 -26.409 -26.392 -26.366 -26.352 -26.114 -26.055 -25.793 -25.744 -25.651 -25.657 -25.753
-29.135 -29.24 -29.268 -29.378 -29.408 -29.528 -29.548 -29.618 -29.642 -29.7 -29.736 -29.796 -29.77 -29.712 -29.676 -29.588 -29.564 -29.479 -29.46 -29.394 -29.388 -29.365 -29.364 -29.352 -29.272 -29.18 -29.123 -29.066 -29.023 -28.977 -28.906 -28.85 -28.806 -28.766 -28.775 -28.746 -28.555 -28.406 -28.248 -28.163 -28.163 -28.147 -28.148 -28.059 -27.894 -27.677 -27.483 -27.29 -27.193 -27.109 -27.067 -27.004 -26.913 -26.8 -26.694 -26.586 -26.517 -26.453 -26.419 -26.324 -26.193 -26.021 -25.878 -25.726 -25.63 -25.614 -25.685
-29.156 -29.221 -29.301 -29.361 -29.439 -29.499 -29.56 -29.598 -29.644 -29.678 -29.726 -29.768 -29.759 -29.728 -29.669 -29.612 -29.551 -29.5 -29.452 -29.402 -29.386 -29.365 -29.359 -29.346 -29.276 -29.186 -29.126 -29.063 -29.028 -28.985 -28.943 -28.867 -28.816 -28.75 -28.752 -28.754 -28.576 -28.434 -28.273 -28.153 -28.099 -28.091 -28.076 -28.106 -27.89 -27.788 -27.519 -27.372 -27.254 -27.185 -27.143 -27.107 -26.966 -26.921 -26.748 -26.698 -26.569 -26.533 -26.438 -26.401 -26.156 -26.102 -25.858 -25.799 -25.548 -25.535 -25.645
-29.126 -29.256 -29.284 -29.395 -29.419 -29.515 -29.536 -29.611 -29.625 -29.68 -29.71 -29.754 -29.749 -29.727 -29.683 -29.614 -29.568 -29.513 -29.471 -29.431 -29.399 -29.371 -29.357 -29.336 -29.277 -29.209 -29.13 -29.06 -29.038 -29.029 -28.987 -28.972 -28.848 -28.771 -28.734 -28.696 -28.592 -28.497 -28.306 -28.181 -28.056 -27.97 -27.982 -27.939 -27.897 -27.77 -27.585 -27.404 -27.293 -27.202 -27.169 -27.122 -27.074 -27.001 -26.926 -26.836 -26.753 -26.654 -26.558 -26.4 -26.222 -26.032 -25.901 -25.785 -25.731 -25.702 -25.713
-29.139 -29.213 -29.296 -29.351 -29.419 -29.468 -29.526 -29.569 -29.617 -29.651 -29.69 -29.72 -29.717 -29.71 -29.662 -29.622 -29.572 -29.524 -29.488 -29.438 -29.403 -29.367 -29.337 -29.321 -29.255 -29.203 -29.119 -29.057 -29.043 -29.036 -29.027 -28.993 -28.885 -28.777 -28.727 -28.685 -28.595 -28.521 -28.338 -28.196 -28.035 -27.934 -27.895 -27.897 -27.848 -27.843 -27.587 -27.47 -27.297 -27.224 -27.174 -27.159 -27.118 -27.103 -27.014 -26.988 -26.86 -26.818 -26.616 -26.545 -26.181 -26.104 -25.846 -25.83 -25.88 -25.873 -25.809
-29.095 -29.232 -29.258 -29.354 -29.376 -29.455 -29.479 -29.552 -29.574 -29.643 -29.669 -29.69 -29.691 -29.661 -29.642 -29.591 -29.572 -29.547 -29.502 -29.456 -29.403 -29.339 -29.312 -29.26 -29.223 -29.159 -29.098 -29.031 -29.043 -29.056 -29.047 -29.042 -28.914 -28.828 -28.728 -28.665 -28.602 -28.55 -28.391 -28.249 -28.068 -27.923 -27.842 -27.775 -27.782 -27.72 -27.616 -27.469 -27.309 -27.189 -27.159 -27.146 -27.175 -27.176 -27.149 -27.108 -27.061 -26.972 -26.863 -26.7 -26.543 -26.313 -26.096 -25.967 -25.959 -25.942 -25.921
-29.091 -29.16 -29.24 -29.291 -29.356 -29.401 -29.454 -29.491 -29.538 -29.575 -29.62 -29.653 -29.657 -29.651 -29.609 -29.581 -29.55 -29.536 -29.496 -29.452 -29.393 -29.336 -29.284 -29.246 -29.186 -29.145 -29.078 -29.034 -29.041 -29.055 -29.041 -29.037 -28.915 -28.835 -28.73 -28.661 -28.603 -28.559 -28.416 -28.317 -28.096 -27.958 -27.818 -27.742 -27.726 -27.717 -27.59 -27.529 -27.284 -27.191 -27.144 -27.131 -27.215 -27.232 -27.21 -27.208 -27.16 -27.142 -26.968 -26.927 -26.721 -26.637 -26.164 -26.103 -26.002 -25.989 -25.997
-29.04 -29.155 -29.184 -29.274 -29.303 -29.383 -29.403 -29.45 -29.476 -29.516 -29.575 -29.629 -29.637 -29.625 -29.591 -29.522 -29.526 -29.51 -29.484 -29.441 -29.385 -29.317 -29.267 -29.204 -29.158 -29.095 -29.066 -29.034 -29.038 -29.038 -29.008 -28.961 -28.893 -28.824 -28.733 -28.672 -28.6 -28.548 -28.43 -28.312 -28.154 -28.01 -27.856 -27.753 -27.705 -27.646 -27.573 -27.461 -27.334 -27.224 -27.167 -27.157 -27.2 -27.225 -27.218 -27.2 -27.176 -27.108 -27.013 -26.902 -26.814 -26.612 -26.381 -26.14 -25.973 -25.883 -25.876
-29.037 -29.088 -29.164 -29.217 -29.289 -29.335 -29.393 -29.426 -29.467 -29.491 -29.549 -29.594 -29.615 -29.618 -29.564 -29.516 -29.496 -29.493 -29.463 -29.433 -29.382 -29.324 -29.274 -29.212 -29.149 -29.09 -29.055 -29.036 -29.049 -29.044 -29.005 -28.954 -28.863 -28.811 -28.711 -28.669 -28.586 -28.544 -28.43 -28.358 -28.179 -28.075 -27.877 -27.783 -27.701 -27.653 -27.548 -27.491 -27.325 -27.26 -27.185 -27.157 -27.232 -27.233 -27.209 -27.203 -27.151 -27.128 -26.973 -26.937 -26.793 -26.729 -26.363 -26.257 -25.828 -25.793 -25.752
-29.006 -29.079 -29.117 -29.211 -29.247 -29.331 -29.364 -29.432 -29.449 -29.484 -29.533 -29.589 -29.602 -29.605 -29.554 -29.477 -29.478 -29.461 -29.448 -29.421 -29.384 -29.35 -29.293 -29.257 -29.151 -29.072 -29.049 -29.034 -29.071 -29.103 -29.021 -28.967 -28.828 -28.728 -28.673 -28.619 -28.566 -28.506 -28.438 -28.35 -28.198 -28.06 -27.916 -27.808 -27.739 -27.668 -27.564 -27.457 -27.333 -27.257 -27.267 -27.282 -27.309 -27.301 -27.227 -27.161 -27.094 -27.038 -27.01 -26.914 -26.786 -26.591 -26.384 -26.131 -25.924 -25.774 -25.723
-29.01 -29.053 -29.125 -29.177 -29.254 -29.304 -29.37 -29.408 -29.456 -29.481 -29.536 -29.571 -29.594 -29.591 -29.531 -29.47 -29.439 -29.435 -29.412 -29.406 -29.368 -29.341 -29.3 -29.255 -29.164 -29.083 -29.04 -29.029 -29.051 -29.085 -29.014 -28.962 -28.819 -28.724 -28.661 -28.616 -28.554 -28.514 -28.435 -28.381 -28.207 -28.091 -27.936 -27.841 -27.77 -27.708 -27.576 -27.49 -27.331 -27.28 -27.339 -27.338 -27.414 -27.384 -27.225 -27.183 -27.035 -27.018 -27.008 -26.97 -26.712 -26.633 -26.26 -26.185 -25.862 -25.823 -25.683
-28.998 -29.067 -29.111 -29.191 -29.231 -29.321 -29.35 -29.418 -29.444 -29.504 -29.538 -29.583 -29.591 -29.595 -29.519 -29.424 -29.41 -29.372 -29.383 -29.367 -29.347 -29.314 -29.295 -29.272 -29.17 -29.101 -29.026 -28.975 -29.008 -29.004 -28.987 -28.948 -28.827 -28.758 -28.675 -28.637 -28.554 -28.497 -28.432 -28.359 -28.24 -28.129 -27.978 -27.881 -27.826 -27.759 -27.637 -27.531 -27.419 -27.383 -27.436 -27.499 -27.575 -27.546 -27.398 -27.261 -27.133 -27.054 -27.019 -26.933 -26.824 -26.63 -26.435 -26.227 -26.088 -25.958 -25.896
-29.001 -29.049 -29.12 -29.166 -29.236 -29.278 -29.339 -29.371 -29.442 -29.485 -29.545 -29.575 -29.593 -29.582 -29.521 -29.447 -29.397 -29.363 -29.355 -29.356 -29.333 -29.314 -29.281 -29.251 -29.17 -29.104 -29.022 -28.975 -28.964 -28.977 -28.942 -28.914 -28.816 -28.748 -28.698 -28.65 -28.6 -28.53 -28.48 -28.394 -28.286 -28.174 -28.018 -27.919 -27.87 -27.81 -27.67 -27.591 -27.468 -27.442 -27.533 -27.579 -27.716 -27.703 -27.478 -27.378 -27.136 -27.096 -27.006 -26.973 -26.828 -26.758 -26.443 -26.386 -26.159 -26.128 -26.017
-28.984 -29.07 -29.11 -29.183 -29.215 -29.277 -29.301 -29.357 -29.412 -29.505 -29.547 -29.595 -29.596 -29.597 -29.528 -29.467 -29.394 -29.332 -29.342 -29.34 -29.327 -29.312 -29.262 -29.217 -29.158 -29.111 -29.012 -28.951 -28.926 -28.897 -28.895 -28.864 -28.79 -28.741 -28.732 -28.728 -28.697 -28.683 -28.585 -28.526 -28.371 -28.265 -28.097 -28.002 -27.926 -27.853 -27.729 -27.639 -27.566 -27.558 -27.62 -27.702 -27.801 -27.78 -27.645 -27.465 -27.255 -27.104 -27.003 -26.928 -26.886 -26.789 -26.705 -26.547 -26.416 -26.272 -26.179
-28.971 -29.027 -29.105 -29.15 -29.205 -29.231 -29.282 -29.309 -29.405 -29.464 -29.541 -29.584 -29.595 -29.588 -29.55 -29.492 -29.43 -29.367 -29.35 -29.34 -29.341 -29.321 -29.281 -29.208 -29.16 -29.083 -29.01 -28.94 -28.918 -28.892 -28.878 -28.841 -28.769 -28.725 -28.731 -28.744 -28.741 -28.72 -28.644 -28.565 -28.422 -28.308 -28.139 -28.036 -27.949 -27.883 -27.745 -27.693 -27.631 -27.63 -27.716 -27.752 -27.882 -27.858 -27.683 -27.565 -27.22 -27.131 -26.951 -26.924 -26.892 -26.877 -26.799 -26.737 -26.498 -26.434 -26.227
-28.935 -29.037 -29.079 -29.16 -29.182 -29.219 -29.252 -29.294 -29.375 -29.478 -29.519 -29.584 -29.594 -29.599 -29.563 -29.542 -29.456 -29.412 -29.36 -29.335 -29.362 -29.388 -29.3 -29.259 -29.153 -29.093 -28.998 -28.945 -28.926 -28.918 -28.878 -28.854 -28.743 -28.692 -28.711 -28.72 -28.753 -28.748 -28.656 -28.582 -28.452 -28.344 -28.17 -28.058 -27.937 -27.852 -27.771 -27.732 -27.764 -27.788 -27.82 -27.853 -27.855 -27.797 -27.651 -27.471 -27.267 -27.087 -26.941 -26.897 -26.941 -26.928 -26.897 -26.789 -26.676 -26.5 -26.354
-28.914 -28.982 -29.058 -29.123 -29.173 -29.212 -29.252 -29.294 -29.365 -29.431 -29.494 -29.552 -29.564 -29.573 -29.558 -29.523 -29.487 -29.423 -29.384 -29.342 -29.358 -29.365 -29.327 -29.259 -29.192 -29.091 -29.027 -28.96 -28.961 -28.938 -28.913 -28.849 -28.759 -28.688 -28.697 -28.709 -28.737 -28.729 -28.629 -28.556 -28.426 -28.341 -28.167 -28.068 -27.929 -27.864 -27.787 -27.777 -27.838 -27.857 -27.891 -27.884 -27.851 -27.787 -27.589 -27.484 -27.204 -27.131 -26.894 -26.916 -26.984 -26.987 -26.926 -26.871 -26.701 -26.609 -26.342
-28.874 -28.961 -29.017 -29.113 -29.153 -29.211 -29.253 -29.291 -29.349 -29.402 -29.446 -29.508 -29.528 -29.557 -29.547 -29.529 -29.498 -29.483 -29.389 -29.338 -29.349 -29.35 -29.342 -29.339 -29.217 -29.17 -29.05 -29.013 -29.006 -29.019 -28.952 -28.93 -28.775 -28.724 -28.68 -28.672 -28.705 -28.684 -28.539 -28.443 -28.346 -28.257 -28.157 -28.065 -27.939 -27.877 -27.868 -27.869 -27.883 -27.9 -27.906 -27.884 -27.812 -27.722 -27.596 -27.457 -27.325 -27.201 -27.134 -27.08 -27.071 -27.026 -26.959 -26.851 -26.74 -26.586 -26.459
-28.855 -28.908 -28.989 -29.059 -29.139 -29.205 -29.261 -29.31 -29.351 -29.398 -29.419 -29.449 -29.459 -29.469 -29.465 -29.462 -29.458 -29.44 -29.395 -29.344 -29.336 -29.336 -29.344 -29.331 -29.272 -29.181 -29.111 -29.038 -29.042 -29.023 -28.986 -28.92 -28.818 -28.729 -28.692 -28.667 -28.687 -28.654 -28.512 -28.411 -28.308 -28.241 -28.153 -28.089 -27.967 -27.928 -27.935 -27.934 -27.94 -27.928 -27.923 -27.887 -27.787 -27.72 -27.567 -27.495 -27.339 -27.317 -27.221 -27.232 -27.125 -27.086 -26.942 -26.866 -26.697 -26.621 -26.445
-28.828 -28.886 -28.95 -29.036 -29.11 -29.207 -29.259 -29.327 -29.352 -29.378 -29.386 -29.388 -29.396 -29.382 -29.39 -29.383 -29.411 -29.422 -29.388 -29.363 -29.322 -29.298 -29.35 -29.371 -29.306 -29.288 -29.144 -29.102 -29.062 -29.055 -28.999 -28.974 -28.847 -28.794 -28.701 -28.674 -28.677 -28.647 -28.505 -28.418 -28.29 -28.227 -28.192 -28.145 -28.071 -28.046 -28.072 -28.068 -28.03 -27.995 -27.922 -27.869 -27.802 -27.715 -27.607 -27.508 -27.424 -27.399 -27.463 -27.391 -27.287 -27.134 -26.972 -26.829 -26.717 -26.6 -26.519
-28.819 -28.867 -28.933 -28.991 -29.083 -29.155 -29.234 -29.289 -29.345 -29.388 -29.391 -29.391 -29.382 -29.37 -29.366 -29.368 -29.38 -29.385 -29.365 -29.34 -29.323 -29.321 -29.355 -29.372 -29.346 -29.283 -29.201 -29.114 -29.087 -29.049 -29.016 -28.962 -28.883 -28.799 -28.722 -28.67 -28.667 -28.632 -28.522 -28.433 -28.317 -28.252 -28.224 -28.194 -28.134 -28.117 -28.142 -28.118 -28.062 -27.997 -27.897 -27.843 -27.778 -27.735 -27.608 -27.552 -27.44 -27.443 -27.55 -27.492 -27.313 -27.197 -26.921 -26.841 -26.672 -26.625 -26.509
